时间标识,2024/7/7 10:25:57,时间标识,2024/7/7 10:25:57
间隔,0.0002,间隔,0.0002
通道名称,"输入0",通道名称,"输入1"
单位,"V",单位,"V"
0,2.1020157411694527,0,2.1820397144183517
0.0002,2.1020157411694527,0.0002,2.1807490051724017
0.0004,2.1045971596613526,0.0004,2.1781675866805017
0.0006,2.1033064504154027,0.0006,2.1781675866805017
0.0008,2.0981436134316027,0.0008,2.1794582959264517
0.001,2.1045971596613526,0.001,2.1859118421562016
0.0012,2.1033064504154027,0.0012,2.1859118421562016
0.0014,2.1020157411694527,0.0014,2.1859118421562016
0.0016,2.1007250319235027,0.0016,2.1884932606481016
0.0018,2.1071785781532526,0.0018,2.1820397144183517
0.002,2.1045971596613526,0.002,2.1897839698940516
0.0022,2.1071785781532526,0.0022,2.1859118421562016
0.0024,2.1058878689073026,0.0024,2.1846211329102516
0.0026,2.1058878689073026,0.0026,2.1884932606481016
0.0028,2.1097599966451526,0.0028,2.1872025514021516
0.003,2.1110507058911026,0.003,2.1910746791400015
0.0032,2.1071785781532526,0.0032,2.1936560976319015
0.0034,2.1136321243830025,0.0034,2.1884932606481016
0.0036,2.1136321243830025,0.0036,2.1949468068778515
0.0038,2.1200856706127524,0.0038,2.1975282253697515
0.004,2.1175042521208525,0.004,2.1936560976319015
0.0042,2.1136321243830025,0.0042,2.1949468068778515
0.0044,2.1187949613668025,0.0044,2.1975282253697515
0.0046,2.1175042521208525,0.0046,2.2014003531076014
0.0048,2.1252485075965524,0.0048,2.2039817715995014
0.005,2.1278299260884523,0.005,2.2052724808454514
0.0052,2.1239577983506024,0.0052,2.2091446085833013
0.0054,2.1239577983506024,0.0054,2.2078538993373513
0.0056,2.1265392168425024,0.0056,2.2117260270752013
0.0058,2.1265392168425024,0.0058,2.2014003531076014
0.006,2.1317020538263023,0.006,2.2117260270752013
0.0062,2.1329927630722523,0.0062,2.2091446085833013
0.0064,2.1304113445803523,0.0064,2.2104353178292513
0.0066,2.1381556000560522,0.0066,2.2130167363211513
0.0068,2.1329927630722523,0.0068,2.2155981548130512
0.007,2.1420277277939022,0.007,2.2104353178292513
0.0072,2.1368648908101022,0.0072,2.2194702825509012
0.0074,2.1394463093020022,0.0074,2.2181795733049512
0.0076,2.1394463093020022,0.0076,2.2181795733049512
0.0078,2.1355741815641522,0.0078,2.2220517010428011
0.008,2.1381556000560522,0.008,2.2194702825509012
0.0082,2.1446091462858021,0.0082,2.2220517010428011
0.0084,2.1433184370398521,0.0084,2.2259238287806511
0.0086,2.1420277277939022,0.0086,2.2233424102887511
0.0088,2.1433184370398521,0.0088,2.2220517010428011
0.009,2.1446091462858021,0.009,2.2220517010428011
0.0092,2.1458998555317521,0.0092,2.2259238287806511
0.0094,2.1407370185479522,0.0094,2.2272145380266011
0.0096,2.1471905647777021,0.0096,2.2272145380266011
0.0098,2.1471905647777021,0.0098,2.229795956518501
0.01,2.1484812740236521,0.01,2.2233424102887511
0.0102,2.1471905647777021,0.0102,2.2272145380266011
0.0104,2.1471905647777021,0.0104,2.2272145380266011
0.0106,2.1497719832696021,0.0106,2.2272145380266011
0.0108,2.1497719832696021,0.0108,2.2285052472725511
0.011,2.1484812740236521,0.011,2.2285052472725511
0.0112,2.1471905647777021,0.0112,2.2259238287806511
0.0114,2.1458998555317521,0.0114,2.233668084256351
0.0116,2.1484812740236521,0.0116,2.2246331195347011
0.0118,2.1471905647777021,0.0118,2.2194702825509012
0.012,2.1420277277939022,0.012,2.2246331195347011
0.0122,2.1471905647777021,0.0122,2.2168888640590012
0.0124,2.1420277277939022,0.0124,2.2168888640590012
0.0126,2.1394463093020022,0.0126,2.2220517010428011
0.0128,2.1394463093020022,0.0128,2.2233424102887511
0.013,2.1381556000560522,0.013,2.2181795733049512
0.0132,2.1368648908101022,0.0132,2.2168888640590012
0.0134,2.1394463093020022,0.0134,2.2155981548130512
0.0136,2.1355741815641522,0.0136,2.2143074455671012
0.0138,2.1329927630722523,0.0138,2.2155981548130512
0.014,2.1329927630722523,0.014,2.2155981548130512
0.0142,2.1381556000560522,0.0142,2.2104353178292513
0.0144,2.1317020538263023,0.0144,2.2117260270752013
0.0146,2.1304113445803523,0.0146,2.2104353178292513
0.0148,2.1265392168425024,0.0148,2.2078538993373513
0.015,2.1278299260884523,0.015,2.2039817715995014
0.0152,2.1291206353344023,0.0152,2.2052724808454514
0.0154,2.1239577983506024,0.0154,2.2039817715995014
0.0156,2.1226670891046524,0.0156,2.2026910623535514
0.0158,2.1213763798587024,0.0158,2.2001096438616514
0.016,2.1175042521208525,0.016,2.2014003531076014
0.0162,2.1213763798587024,0.0162,2.1923653883859515
0.0164,2.1162135428749025,0.0164,2.1910746791400015
0.0166,2.1149228336289525,0.0166,2.1910746791400015
0.0168,2.1136321243830025,0.0168,2.1897839698940516
0.017,2.1136321243830025,0.017,2.1923653883859515
0.0172,2.1110507058911026,0.0172,2.1923653883859515
0.0174,2.1110507058911026,0.0174,2.1897839698940516
0.0176,2.1084692873992026,0.0176,2.1897839698940516
0.0178,2.1045971596613526,0.0178,2.1872025514021516
0.018,2.1045971596613526,0.018,2.1846211329102516
0.0182,2.1084692873992026,0.0182,2.1781675866805017
0.0184,2.0994343226775527,0.0184,2.1820397144183517
0.0186,2.1045971596613526,0.0186,2.1820397144183517
0.0188,2.1058878689073026,0.0188,2.1884932606481016
0.019,2.1033064504154027,0.019,2.1794582959264517
0.0192,2.1071785781532526,0.0192,2.1846211329102516
0.0194,2.1058878689073026,0.0194,2.1820397144183517
0.0196,2.0994343226775527,0.0196,2.1794582959264517
0.0198,2.1020157411694527,0.0198,2.1794582959264517
0.02,2.1020157411694527,0.02,2.1781675866805017
0.0202,2.1033064504154027,0.0202,2.1730047496967018
0.0204,2.1020157411694527,0.0204,2.1794582959264517
0.0206,2.0981436134316027,0.0206,2.1794582959264517
0.0208,2.1020157411694527,0.0208,2.1846211329102516
0.021,2.1020157411694527,0.021,2.1820397144183517
0.0212,2.1058878689073026,0.0212,2.1846211329102516
0.0214,2.1033064504154027,0.0214,2.1846211329102516
0.0216,2.1033064504154027,0.0216,2.1846211329102516
0.0218,2.1071785781532526,0.0218,2.1897839698940516
0.022,2.1058878689073026,0.022,2.1846211329102516
0.0222,2.1058878689073026,0.0222,2.1846211329102516
0.0224,2.1097599966451526,0.0224,2.1884932606481016
0.0226,2.1071785781532526,0.0226,2.1923653883859515
0.0228,2.1084692873992026,0.0228,2.1910746791400015
0.023,2.1136321243830025,0.023,2.1949468068778515
0.0232,2.1110507058911026,0.0232,2.1936560976319015
0.0234,2.1149228336289525,0.0234,2.1962375161238015
0.0236,2.1149228336289525,0.0236,2.1936560976319015
0.0238,2.1123414151370525,0.0238,2.1949468068778515
0.024,2.1149228336289525,0.024,2.1910746791400015
0.0242,2.1162135428749025,0.0242,2.1949468068778515
0.0244,2.1136321243830025,0.0244,2.1923653883859515
0.0246,2.1187949613668025,0.0246,2.2001096438616514
0.0248,2.1213763798587024,0.0248,2.2065631900914013
0.025,2.1200856706127524,0.025,2.1975282253697515
0.0252,2.1291206353344023,0.0252,2.2065631900914013
0.0254,2.1239577983506024,0.0254,2.2052724808454514
0.0256,2.1239577983506024,0.0256,2.2065631900914013
0.0258,2.1291206353344023,0.0258,2.2065631900914013
0.026,2.1291206353344023,0.026,2.2155981548130512
0.0262,2.1278299260884523,0.0262,2.2181795733049512
0.0264,2.1304113445803523,0.0264,2.2155981548130512
0.0266,2.1394463093020022,0.0266,2.2117260270752013
0.0268,2.1342834723182023,0.0268,2.2168888640590012
0.027,2.1368648908101022,0.027,2.2220517010428011
0.0272,2.1368648908101022,0.0272,2.2155981548130512
0.0274,2.1368648908101022,0.0274,2.2168888640590012
0.0276,2.1407370185479522,0.0276,2.2168888640590012
0.0278,2.1420277277939022,0.0278,2.2220517010428011
0.028,2.1420277277939022,0.028,2.2194702825509012
0.0282,2.1471905647777021,0.0282,2.2246331195347011
0.0284,2.1407370185479522,0.0284,2.2207609917968512
0.0286,2.1446091462858021,0.0286,2.2259238287806511
0.0288,2.1446091462858021,0.0288,2.2259238287806511
0.029,2.1471905647777021,0.029,2.229795956518501
0.0292,2.1420277277939022,0.0292,2.2220517010428011
0.0294,2.1458998555317521,0.0294,2.2259238287806511
0.0296,2.1458998555317521,0.0296,2.2285052472725511
0.0298,2.1497719832696021,0.0298,2.2233424102887511
0.03,2.154934820253402,0.03,2.2272145380266011
0.0302,2.1471905647777021,0.0302,2.2233424102887511
0.0304,2.1484812740236521,0.0304,2.2246331195347011
0.0306,2.1497719832696021,0.0306,2.2233424102887511
0.0308,2.1484812740236521,0.0308,2.231086665764451
0.031,2.1471905647777021,0.031,2.229795956518501
0.0312,2.153644111007452,0.0312,2.229795956518501
0.0314,2.1446091462858021,0.0314,2.2259238287806511
0.0316,2.1471905647777021,0.0316,2.2220517010428011
0.0318,2.1458998555317521,0.0318,2.2272145380266011
0.032,2.1458998555317521,0.032,2.2233424102887511
0.0322,2.1471905647777021,0.0322,2.2220517010428011
0.0324,2.1394463093020022,0.0324,2.2246331195347011
0.0326,2.1407370185479522,0.0326,2.2220517010428011
0.0328,2.1394463093020022,0.0328,2.2194702825509012
0.033,2.1394463093020022,0.033,2.2246331195347011
0.0332,2.1368648908101022,0.0332,2.2155981548130512
0.0334,2.1433184370398521,0.0334,2.2207609917968512
0.0336,2.1342834723182023,0.0336,2.2130167363211513
0.0338,2.1381556000560522,0.0338,2.2194702825509012
0.034,2.1368648908101022,0.034,2.2143074455671012
0.0342,2.1355741815641522,0.0342,2.2143074455671012
0.0344,2.1317020538263023,0.0344,2.2168888640590012
0.0346,2.1317020538263023,0.0346,2.2078538993373513
0.0348,2.1304113445803523,0.0348,2.2026910623535514
0.035,2.1278299260884523,0.035,2.2065631900914013
0.0352,2.1239577983506024,0.0352,2.2065631900914013
0.0354,2.1304113445803523,0.0354,2.2026910623535514
0.0356,2.1187949613668025,0.0356,2.2039817715995014
0.0358,2.1265392168425024,0.0358,2.2026910623535514
0.036,2.1213763798587024,0.036,2.2014003531076014
0.0362,2.1175042521208525,0.0362,2.2014003531076014
0.0364,2.1175042521208525,0.0364,2.1923653883859515
0.0366,2.1187949613668025,0.0366,2.1988189346157014
0.0368,2.1110507058911026,0.0368,2.1910746791400015
0.037,2.1136321243830025,0.037,2.1897839698940516
0.0372,2.1123414151370525,0.0372,2.1897839698940516
0.0374,2.1123414151370525,0.0374,2.1988189346157014
0.0376,2.1097599966451526,0.0376,2.1910746791400015
0.0378,2.1097599966451526,0.0378,2.1833304236643016
0.038,2.1110507058911026,0.038,2.1884932606481016
0.0382,2.1045971596613526,0.0382,2.1859118421562016
0.0384,2.1045971596613526,0.0384,2.1833304236643016
0.0386,2.1033064504154027,0.0386,2.1897839698940516
0.0388,2.1033064504154027,0.0388,2.1820397144183517
0.039,2.1020157411694527,0.039,2.1820397144183517
0.0392,2.1058878689073026,0.0392,2.1859118421562016
0.0394,2.1058878689073026,0.0394,2.1768768774345517
0.0396,2.1045971596613526,0.0396,2.1833304236643016
0.0398,2.1045971596613526,0.0398,2.1755861681886017
0.04,2.0981436134316027,0.04,2.1807490051724017
0.0402,2.0955621949397027,0.0402,2.1833304236643016
0.0404,2.0994343226775527,0.0404,2.1781675866805017
0.0406,2.1020157411694527,0.0406,2.1807490051724017
0.0408,2.0981436134316027,0.0408,2.1807490051724017
0.041,2.0968529041856527,0.041,2.1820397144183517
0.0412,2.0955621949397027,0.0412,2.1768768774345517
0.0414,2.1058878689073026,0.0414,2.1846211329102516
0.0416,2.1045971596613526,0.0416,2.1859118421562016
0.0418,2.1045971596613526,0.0418,2.1872025514021516
0.042,2.1071785781532526,0.042,2.1846211329102516
0.0422,2.1033064504154027,0.0422,2.1884932606481016
0.0424,2.1045971596613526,0.0424,2.1936560976319015
0.0426,2.1071785781532526,0.0426,2.1975282253697515
0.0428,2.1071785781532526,0.0428,2.1936560976319015
0.043,2.1110507058911026,0.043,2.1884932606481016
0.0432,2.1110507058911026,0.0432,2.1884932606481016
0.0434,2.1175042521208525,0.0434,2.1949468068778515
0.0436,2.1175042521208525,0.0436,2.1923653883859515
0.0438,2.1162135428749025,0.0438,2.1962375161238015
0.044,2.1136321243830025,0.044,2.1962375161238015
0.0442,2.1175042521208525,0.0442,2.2014003531076014
0.0444,2.1187949613668025,0.0444,2.2026910623535514
0.0446,2.1175042521208525,0.0446,2.2065631900914013
0.0448,2.1213763798587024,0.0448,2.2014003531076014
0.045,2.1239577983506024,0.045,2.2078538993373513
0.0452,2.1265392168425024,0.0452,2.2052724808454514
0.0454,2.1252485075965524,0.0454,2.2168888640590012
0.0456,2.1252485075965524,0.0456,2.2091446085833013
0.0458,2.1265392168425024,0.0458,2.2091446085833013
0.046,2.1329927630722523,0.046,2.2143074455671012
0.0462,2.1317020538263023,0.0462,2.2155981548130512
0.0464,2.1381556000560522,0.0464,2.2155981548130512
0.0466,2.1342834723182023,0.0466,2.2233424102887511
0.0468,2.1342834723182023,0.0468,2.2181795733049512
0.047,2.1407370185479522,0.047,2.2194702825509012
0.0472,2.1342834723182023,0.0472,2.2168888640590012
0.0474,2.1368648908101022,0.0474,2.2207609917968512
0.0476,2.1407370185479522,0.0476,2.2168888640590012
0.0478,2.1420277277939022,0.0478,2.2220517010428011
0.048,2.1407370185479522,0.048,2.2220517010428011
0.0482,2.1446091462858021,0.0482,2.2233424102887511
0.0484,2.1471905647777021,0.0484,2.233668084256351
0.0486,2.1471905647777021,0.0486,2.2285052472725511
0.0488,2.1420277277939022,0.0488,2.2246331195347011
0.049,2.1458998555317521,0.049,2.2220517010428011
0.0492,2.1394463093020022,0.0492,2.2285052472725511
0.0494,2.1458998555317521,0.0494,2.229795956518501
0.0496,2.153644111007452,0.0496,2.2259238287806511
0.0498,2.1458998555317521,0.0498,2.2272145380266011
0.05,2.1484812740236521,0.05,2.236249502748251
0.0502,2.1484812740236521,0.0502,2.231086665764451
0.0504,2.1407370185479522,0.0504,2.2259238287806511
0.0506,2.1471905647777021,0.0506,2.2272145380266011
0.0508,2.1471905647777021,0.0508,2.2259238287806511
0.051,2.1471905647777021,0.051,2.2233424102887511
0.0512,2.151062692515552,0.0512,2.2220517010428011
0.0514,2.1497719832696021,0.0514,2.2259238287806511
0.0516,2.1471905647777021,0.0516,2.2259238287806511
0.0518,2.1497719832696021,0.0518,2.2233424102887511
0.052,2.1394463093020022,0.052,2.2259238287806511
0.0522,2.1407370185479522,0.0522,2.2233424102887511
0.0524,2.1458998555317521,0.0524,2.2194702825509012
0.0526,2.1407370185479522,0.0526,2.2207609917968512
0.0528,2.1381556000560522,0.0528,2.2233424102887511
0.053,2.1394463093020022,0.053,2.2155981548130512
0.0532,2.1446091462858021,0.0532,2.2155981548130512
0.0534,2.1355741815641522,0.0534,2.2168888640590012
0.0536,2.1381556000560522,0.0536,2.2155981548130512
0.0538,2.1355741815641522,0.0538,2.2155981548130512
0.054,2.1355741815641522,0.054,2.2143074455671012
0.0542,2.1342834723182023,0.0542,2.2130167363211513
0.0544,2.1368648908101022,0.0544,2.2117260270752013
0.0546,2.1317020538263023,0.0546,2.2104353178292513
0.0548,2.1278299260884523,0.0548,2.2065631900914013
0.055,2.1187949613668025,0.055,2.2014003531076014
0.0552,2.1252485075965524,0.0552,2.2014003531076014
0.0554,2.1291206353344023,0.0554,2.2091446085833013
0.0556,2.1239577983506024,0.0556,2.2052724808454514
0.0558,2.1213763798587024,0.0558,2.2014003531076014
0.056,2.1213763798587024,0.056,2.1949468068778515
0.0562,2.1200856706127524,0.0562,2.2014003531076014
0.0564,2.1136321243830025,0.0564,2.1923653883859515
0.0566,2.1187949613668025,0.0566,2.1936560976319015
0.0568,2.1149228336289525,0.0568,2.1910746791400015
0.057,2.1162135428749025,0.057,2.1872025514021516
0.0572,2.1123414151370525,0.0572,2.1884932606481016
0.0574,2.1110507058911026,0.0574,2.1910746791400015
0.0576,2.1123414151370525,0.0576,2.1910746791400015
0.0578,2.1084692873992026,0.0578,2.1923653883859515
0.058,2.1045971596613526,0.058,2.1833304236643016
0.0582,2.1007250319235027,0.0582,2.1833304236643016
0.0584,2.1058878689073026,0.0584,2.1910746791400015
0.0586,2.1033064504154027,0.0586,2.1910746791400015
0.0588,2.1020157411694527,0.0588,2.1872025514021516
0.059,2.1084692873992026,0.059,2.1872025514021516
0.0592,2.1071785781532526,0.0592,2.1807490051724017
0.0594,2.1033064504154027,0.0594,2.1781675866805017
0.0596,2.1020157411694527,0.0596,2.1807490051724017
0.0598,2.1058878689073026,0.0598,2.1833304236643016
0.06,2.1045971596613526,0.06,2.1794582959264517
0.0602,2.1020157411694527,0.0602,2.1846211329102516
0.0604,2.1007250319235027,0.0604,2.1781675866805017
0.0606,2.1007250319235027,0.0606,2.1820397144183517
0.0608,2.0994343226775527,0.0608,2.1833304236643016
0.061,2.1058878689073026,0.061,2.1820397144183517
0.0612,2.1007250319235027,0.0612,2.1807490051724017
0.0614,2.1007250319235027,0.0614,2.1846211329102516
0.0616,2.1020157411694527,0.0616,2.1884932606481016
0.0618,2.1007250319235027,0.0618,2.1846211329102516
0.062,2.1084692873992026,0.062,2.1846211329102516
0.0622,2.0994343226775527,0.0622,2.1859118421562016
0.0624,2.1045971596613526,0.0624,2.1910746791400015
0.0626,2.1097599966451526,0.0626,2.1897839698940516
0.0628,2.1123414151370525,0.0628,2.1833304236643016
0.063,2.1084692873992026,0.063,2.1936560976319015
0.0632,2.1136321243830025,0.0632,2.1936560976319015
0.0634,2.1162135428749025,0.0634,2.1897839698940516
0.0636,2.1136321243830025,0.0636,2.1923653883859515
0.0638,2.1110507058911026,0.0638,2.1897839698940516
0.064,2.1136321243830025,0.064,2.1962375161238015
0.0642,2.1149228336289525,0.0642,2.1936560976319015
0.0644,2.1149228336289525,0.0644,2.1910746791400015
0.0646,2.1200856706127524,0.0646,2.2001096438616514
0.0648,2.1187949613668025,0.0648,2.2065631900914013
0.065,2.1265392168425024,0.065,2.2014003531076014
0.0652,2.1226670891046524,0.0652,2.2039817715995014
0.0654,2.1252485075965524,0.0654,2.2026910623535514
0.0656,2.1291206353344023,0.0656,2.2065631900914013
0.0658,2.1329927630722523,0.0658,2.2117260270752013
0.066,2.1278299260884523,0.066,2.2091446085833013
0.0662,2.1317020538263023,0.0662,2.2091446085833013
0.0664,2.1329927630722523,0.0664,2.2207609917968512
0.0666,2.1304113445803523,0.0666,2.2117260270752013
0.0668,2.1368648908101022,0.0668,2.2233424102887511
0.067,2.1407370185479522,0.067,2.2168888640590012
0.0672,2.1368648908101022,0.0672,2.2194702825509012
0.0674,2.1381556000560522,0.0674,2.2194702825509012
0.0676,2.1394463093020022,0.0676,2.2207609917968512
0.0678,2.1381556000560522,0.0678,2.2207609917968512
0.068,2.1446091462858021,0.068,2.2233424102887511
0.0682,2.1471905647777021,0.0682,2.2194702825509012
0.0684,2.1458998555317521,0.0684,2.2272145380266011
0.0686,2.1471905647777021,0.0686,2.2246331195347011
0.0688,2.1458998555317521,0.0688,2.231086665764451
0.069,2.1420277277939022,0.069,2.2259238287806511
0.0692,2.1446091462858021,0.0692,2.2272145380266011
0.0694,2.151062692515552,0.0694,2.2246331195347011
0.0696,2.1484812740236521,0.0696,2.231086665764451
0.0698,2.1458998555317521,0.0698,2.2233424102887511
0.07,2.1471905647777021,0.07,2.2246331195347011
0.0702,2.1484812740236521,0.0702,2.2272145380266011
0.0704,2.1471905647777021,0.0704,2.231086665764451
0.0706,2.151062692515552,0.0706,2.2259238287806511
0.0708,2.1446091462858021,0.0708,2.2272145380266011
0.071,2.151062692515552,0.071,2.232377375010401
0.0712,2.153644111007452,0.0712,2.2285052472725511
0.0714,2.1471905647777021,0.0714,2.2259238287806511
0.0716,2.1484812740236521,0.0716,2.233668084256351
0.0718,2.1368648908101022,0.0718,2.2272145380266011
0.072,2.1458998555317521,0.072,2.2220517010428011
0.0722,2.1420277277939022,0.0722,2.2207609917968512
0.0724,2.1433184370398521,0.0724,2.2181795733049512
0.0726,2.1433184370398521,0.0726,2.2207609917968512
0.0728,2.1433184370398521,0.0728,2.2168888640590012
0.073,2.1407370185479522,0.073,2.2155981548130512
0.0732,2.1394463093020022,0.0732,2.2194702825509012
0.0734,2.1433184370398521,0.0734,2.2194702825509012
0.0736,2.1368648908101022,0.0736,2.2207609917968512
0.0738,2.1355741815641522,0.0738,2.2155981548130512
0.074,2.1355741815641522,0.074,2.2130167363211513
0.0742,2.1317020538263023,0.0742,2.2194702825509012
0.0744,2.1355741815641522,0.0744,2.2104353178292513
0.0746,2.1278299260884523,0.0746,2.2104353178292513
0.0748,2.1291206353344023,0.0748,2.2052724808454514
0.075,2.1278299260884523,0.075,2.2091446085833013
0.0752,2.1226670891046524,0.0752,2.2026910623535514
0.0754,2.1213763798587024,0.0754,2.2078538993373513
0.0756,2.1239577983506024,0.0756,2.2014003531076014
0.0758,2.1226670891046524,0.0758,2.1910746791400015
0.076,2.1226670891046524,0.076,2.1975282253697515
0.0762,2.1239577983506024,0.0762,2.1949468068778515
0.0764,2.1187949613668025,0.0764,2.1949468068778515
0.0766,2.1162135428749025,0.0766,2.1897839698940516
0.0768,2.1149228336289525,0.0768,2.1949468068778515
0.077,2.1149228336289525,0.077,2.1936560976319015
0.0772,2.1123414151370525,0.0772,2.1936560976319015
0.0774,2.1136321243830025,0.0774,2.1936560976319015
0.0776,2.1110507058911026,0.0776,2.1897839698940516
0.0778,2.1097599966451526,0.0778,2.1859118421562016
0.078,2.1058878689073026,0.078,2.1859118421562016
0.0782,2.1058878689073026,0.0782,2.1859118421562016
0.0784,2.1033064504154027,0.0784,2.1833304236643016
0.0786,2.1084692873992026,0.0786,2.1884932606481016
0.0788,2.1033064504154027,0.0788,2.1846211329102516
0.079,2.1020157411694527,0.079,2.1910746791400015
0.0792,2.0994343226775527,0.0792,2.1820397144183517
0.0794,2.1007250319235027,0.0794,2.1846211329102516
0.0796,2.1020157411694527,0.0796,2.1781675866805017
0.0798,2.1020157411694527,0.0798,2.1859118421562016
0.08,2.0968529041856527,0.08,2.1884932606481016
0.0802,2.1007250319235027,0.0802,2.1833304236643016
0.0804,2.1045971596613526,0.0804,2.1820397144183517
0.0806,2.1033064504154027,0.0806,2.1807490051724017
0.0808,2.1058878689073026,0.0808,2.1846211329102516
0.081,2.0994343226775527,0.081,2.1846211329102516
0.0812,2.1007250319235027,0.0812,2.1872025514021516
0.0814,2.1033064504154027,0.0814,2.1807490051724017
0.0816,2.1033064504154027,0.0816,2.1859118421562016
0.0818,2.1097599966451526,0.0818,2.1897839698940516
0.082,2.1058878689073026,0.082,2.1872025514021516
0.0822,2.1123414151370525,0.0822,2.1872025514021516
0.0824,2.1097599966451526,0.0824,2.1872025514021516
0.0826,2.1084692873992026,0.0826,2.1910746791400015
0.0828,2.1149228336289525,0.0828,2.1859118421562016
0.083,2.1136321243830025,0.083,2.1872025514021516
0.0832,2.1097599966451526,0.0832,2.1859118421562016
0.0834,2.1136321243830025,0.0834,2.1872025514021516
0.0836,2.1123414151370525,0.0836,2.1936560976319015
0.0838,2.1123414151370525,0.0838,2.1936560976319015
0.084,2.1136321243830025,0.084,2.1910746791400015
0.0842,2.1200856706127524,0.0842,2.1949468068778515
0.0844,2.1187949613668025,0.0844,2.2001096438616514
0.0846,2.1239577983506024,0.0846,2.1988189346157014
0.0848,2.1239577983506024,0.0848,2.1988189346157014
0.085,2.1278299260884523,0.085,2.2014003531076014
0.0852,2.1239577983506024,0.0852,2.2014003531076014
0.0854,2.1239577983506024,0.0854,2.2078538993373513
0.0856,2.1239577983506024,0.0856,2.2065631900914013
0.0858,2.1252485075965524,0.0858,2.2065631900914013
0.086,2.1329927630722523,0.086,2.2104353178292513
0.0862,2.1329927630722523,0.0862,2.2104353178292513
0.0864,2.1342834723182023,0.0864,2.2143074455671012
0.0866,2.1355741815641522,0.0866,2.2130167363211513
0.0868,2.1342834723182023,0.0868,2.2155981548130512
0.087,2.1394463093020022,0.087,2.2194702825509012
0.0872,2.1407370185479522,0.0872,2.2207609917968512
0.0874,2.1355741815641522,0.0874,2.2220517010428011
0.0876,2.1433184370398521,0.0876,2.2181795733049512
0.0878,2.1394463093020022,0.0878,2.2207609917968512
0.088,2.1446091462858021,0.088,2.2259238287806511
0.0882,2.1433184370398521,0.0882,2.2246331195347011
0.0884,2.1446091462858021,0.0884,2.2220517010428011
0.0886,2.1471905647777021,0.0886,2.229795956518501
0.0888,2.1484812740236521,0.0888,2.2285052472725511
0.089,2.1458998555317521,0.089,2.2272145380266011
0.0892,2.1446091462858021,0.0892,2.2285052472725511
0.0894,2.1446091462858021,0.0894,2.2233424102887511
0.0896,2.1433184370398521,0.0896,2.2246331195347011
0.0898,2.1497719832696021,0.0898,2.229795956518501
0.09,2.1471905647777021,0.09,2.2272145380266011
0.0902,2.1458998555317521,0.0902,2.2285052472725511
0.0904,2.1497719832696021,0.0904,2.229795956518501
0.0906,2.1433184370398521,0.0906,2.2246331195347011
0.0908,2.1497719832696021,0.0908,2.2272145380266011
0.091,2.1458998555317521,0.091,2.2285052472725511
0.0912,2.1484812740236521,0.0912,2.232377375010401
0.0914,2.1446091462858021,0.0914,2.2272145380266011
0.0916,2.1433184370398521,0.0916,2.2246331195347011
0.0918,2.1420277277939022,0.0918,2.2246331195347011
0.092,2.1433184370398521,0.092,2.2220517010428011
0.0922,2.1420277277939022,0.0922,2.2285052472725511
0.0924,2.1446091462858021,0.0924,2.2181795733049512
0.0926,2.1433184370398521,0.0926,2.2207609917968512
0.0928,2.1433184370398521,0.0928,2.2155981548130512
0.093,2.1458998555317521,0.093,2.2194702825509012
0.0932,2.1394463093020022,0.0932,2.2220517010428011
0.0934,2.1342834723182023,0.0934,2.2117260270752013
0.0936,2.1342834723182023,0.0936,2.2130167363211513
0.0938,2.1381556000560522,0.0938,2.2194702825509012
0.094,2.1355741815641522,0.094,2.2155981548130512
0.0942,2.1329927630722523,0.0942,2.2155981548130512
0.0944,2.1317020538263023,0.0944,2.2130167363211513
0.0946,2.1342834723182023,0.0946,2.2091446085833013
0.0948,2.1291206353344023,0.0948,2.2091446085833013
0.095,2.1278299260884523,0.095,2.2065631900914013
0.0952,2.1239577983506024,0.0952,2.2078538993373513
0.0954,2.1226670891046524,0.0954,2.2039817715995014
0.0956,2.1200856706127524,0.0956,2.2014003531076014
0.0958,2.1278299260884523,0.0958,2.2014003531076014
0.096,2.1226670891046524,0.096,2.2014003531076014
0.0962,2.1175042521208525,0.0962,2.1910746791400015
0.0964,2.1200856706127524,0.0964,2.1962375161238015
0.0966,2.1175042521208525,0.0966,2.1949468068778515
0.0968,2.1136321243830025,0.0968,2.1988189346157014
0.097,2.1123414151370525,0.097,2.1897839698940516
0.0972,2.1123414151370525,0.0972,2.1897839698940516
0.0974,2.1149228336289525,0.0974,2.1846211329102516
0.0976,2.1123414151370525,0.0976,2.1859118421562016
0.0978,2.1071785781532526,0.0978,2.1949468068778515
0.098,2.1084692873992026,0.098,2.1872025514021516
0.0982,2.1020157411694527,0.0982,2.1859118421562016
0.0984,2.1071785781532526,0.0984,2.1833304236643016
0.0986,2.1020157411694527,0.0986,2.1872025514021516
0.0988,2.1033064504154027,0.0988,2.1859118421562016
0.099,2.1084692873992026,0.099,2.1897839698940516
0.0992,2.1058878689073026,0.0992,2.1859118421562016
0.0994,2.1071785781532526,0.0994,2.1768768774345517
0.0996,2.1033064504154027,0.0996,2.1833304236643016
0.0998,2.1020157411694527,0.0998,2.1807490051724017
0.1,2.0994343226775527,0.1,2.1768768774345517
0.1002,2.1058878689073026,0.1002,2.1872025514021516
0.1004,2.1007250319235027,0.1004,2.1794582959264517
0.1006,2.1020157411694527,0.1006,2.1807490051724017
0.1008,2.1033064504154027,0.1008,2.1833304236643016
0.101,2.1033064504154027,0.101,2.1833304236643016
0.1012,2.1058878689073026,0.1012,2.1794582959264517
0.1014,2.1020157411694527,0.1014,2.1807490051724017
0.1016,2.1007250319235027,0.1016,2.1833304236643016
0.1018,2.0981436134316027,0.1018,2.1897839698940516
0.102,2.1033064504154027,0.102,2.1807490051724017
0.1022,2.1084692873992026,0.1022,2.1833304236643016
0.1024,2.1058878689073026,0.1024,2.1859118421562016
0.1026,2.1058878689073026,0.1026,2.1884932606481016
0.1028,2.1058878689073026,0.1028,2.1833304236643016
0.103,2.1097599966451526,0.103,2.1884932606481016
0.1032,2.1084692873992026,0.1032,2.1936560976319015
0.1034,2.1097599966451526,0.1034,2.2001096438616514
0.1036,2.1149228336289525,0.1036,2.1936560976319015
0.1038,2.1136321243830025,0.1038,2.1962375161238015
0.104,2.1136321243830025,0.104,2.1975282253697515
0.1042,2.1149228336289525,0.1042,2.1936560976319015
0.1044,2.1187949613668025,0.1044,2.1949468068778515
0.1046,2.1213763798587024,0.1046,2.2039817715995014
0.1048,2.1213763798587024,0.1048,2.2039817715995014
0.105,2.1226670891046524,0.105,2.2026910623535514
0.1052,2.1252485075965524,0.1052,2.2117260270752013
0.1054,2.1226670891046524,0.1054,2.2104353178292513
0.1056,2.1239577983506024,0.1056,2.2104353178292513
0.1058,2.1278299260884523,0.1058,2.2078538993373513
0.106,2.1304113445803523,0.106,2.2078538993373513
0.1062,2.1278299260884523,0.1062,2.2130167363211513
0.1064,2.1329927630722523,0.1064,2.2143074455671012
0.1066,2.1329927630722523,0.1066,2.2168888640590012
0.1068,2.1304113445803523,0.1068,2.2168888640590012
0.107,2.1420277277939022,0.107,2.2194702825509012
0.1072,2.1407370185479522,0.1072,2.2272145380266011
0.1074,2.1394463093020022,0.1074,2.2194702825509012
0.1076,2.1446091462858021,0.1076,2.2155981548130512
0.1078,2.1407370185479522,0.1078,2.2194702825509012
0.108,2.1407370185479522,0.108,2.2220517010428011
0.1082,2.1446091462858021,0.1082,2.2220517010428011
0.1084,2.1420277277939022,0.1084,2.2233424102887511
0.1086,2.1433184370398521,0.1086,2.2220517010428011
0.1088,2.1471905647777021,0.1088,2.2233424102887511
0.109,2.1433184370398521,0.109,2.2233424102887511
0.1092,2.1433184370398521,0.1092,2.2220517010428011
0.1094,2.1471905647777021,0.1094,2.2285052472725511
0.1096,2.1433184370398521,0.1096,2.2233424102887511
0.1098,2.1471905647777021,0.1098,2.2259238287806511
0.11,2.1433184370398521,0.11,2.229795956518501
0.1102,2.151062692515552,0.1102,2.229795956518501
0.1104,2.1458998555317521,0.1104,2.232377375010401
0.1106,2.151062692515552,0.1106,2.231086665764451
0.1108,2.1497719832696021,0.1108,2.2272145380266011
0.111,2.1471905647777021,0.111,2.2272145380266011
0.1112,2.151062692515552,0.1112,2.2272145380266011
0.1114,2.1471905647777021,0.1114,2.2259238287806511
0.1116,2.1484812740236521,0.1116,2.2272145380266011
0.1118,2.1433184370398521,0.1118,2.2233424102887511
0.112,2.1446091462858021,0.112,2.2220517010428011
0.1122,2.1446091462858021,0.1122,2.2194702825509012
0.1124,2.1394463093020022,0.1124,2.2246331195347011
0.1126,2.1381556000560522,0.1126,2.2207609917968512
0.1128,2.1420277277939022,0.1128,2.2233424102887511
0.113,2.1420277277939022,0.113,2.2181795733049512
0.1132,2.1355741815641522,0.1132,2.2168888640590012
0.1134,2.1407370185479522,0.1134,2.2220517010428011
0.1136,2.1329927630722523,0.1136,2.2155981548130512
0.1138,2.1355741815641522,0.1138,2.2155981548130512
0.114,2.1368648908101022,0.114,2.2155981548130512
0.1142,2.1304113445803523,0.1142,2.2143074455671012
0.1144,2.1317020538263023,0.1144,2.2117260270752013
0.1146,2.1291206353344023,0.1146,2.2104353178292513
0.1148,2.1329927630722523,0.1148,2.2039817715995014
0.115,2.1291206353344023,0.115,2.2065631900914013
0.1152,2.1252485075965524,0.1152,2.2052724808454514
0.1154,2.1239577983506024,0.1154,2.2052724808454514
0.1156,2.1239577983506024,0.1156,2.2052724808454514
0.1158,2.1213763798587024,0.1158,2.1975282253697515
0.116,2.1175042521208525,0.116,2.1962375161238015
0.1162,2.1187949613668025,0.1162,2.1949468068778515
0.1164,2.1149228336289525,0.1164,2.1936560976319015
0.1166,2.1162135428749025,0.1166,2.1962375161238015
0.1168,2.1149228336289525,0.1168,2.1923653883859515
0.117,2.1136321243830025,0.117,2.1975282253697515
0.1172,2.1136321243830025,0.1172,2.1846211329102516
0.1174,2.1084692873992026,0.1174,2.1923653883859515
0.1176,2.1110507058911026,0.1176,2.1897839698940516
0.1178,2.1110507058911026,0.1178,2.1910746791400015
0.118,2.1071785781532526,0.118,2.1884932606481016
0.1182,2.1097599966451526,0.1182,2.1884932606481016
0.1184,2.1033064504154027,0.1184,2.1846211329102516
0.1186,2.1058878689073026,0.1186,2.1833304236643016
0.1188,2.1033064504154027,0.1188,2.1833304236643016
0.119,2.1045971596613526,0.119,2.1833304236643016
0.1192,2.1058878689073026,0.1192,2.1872025514021516
0.1194,2.1007250319235027,0.1194,2.1794582959264517
0.1196,2.1007250319235027,0.1196,2.1884932606481016
0.1198,2.1007250319235027,0.1198,2.1859118421562016
0.12,2.1033064504154027,0.12,2.1781675866805017
0.1202,2.1033064504154027,0.1202,2.1781675866805017
0.1204,2.0994343226775527,0.1204,2.1807490051724017
0.1206,2.1033064504154027,0.1206,2.1884932606481016
0.1208,2.1071785781532526,0.1208,2.1833304236643016
0.121,2.1007250319235027,0.121,2.1768768774345517
0.1212,2.1045971596613526,0.1212,2.1859118421562016
0.1214,2.1007250319235027,0.1214,2.1833304236643016
0.1216,2.1071785781532526,0.1216,2.1859118421562016
0.1218,2.1058878689073026,0.1218,2.1846211329102516
0.122,2.1058878689073026,0.122,2.1897839698940516
0.1222,2.1084692873992026,0.1222,2.1884932606481016
0.1224,2.1097599966451526,0.1224,2.1910746791400015
0.1226,2.1084692873992026,0.1226,2.1846211329102516
0.1228,2.1071785781532526,0.1228,2.1884932606481016
0.123,2.1097599966451526,0.123,2.1910746791400015
0.1232,2.1149228336289525,0.1232,2.1936560976319015
0.1234,2.1097599966451526,0.1234,2.1949468068778515
0.1236,2.1162135428749025,0.1236,2.1936560976319015
0.1238,2.1123414151370525,0.1238,2.1923653883859515
0.124,2.1175042521208525,0.124,2.1975282253697515
0.1242,2.1162135428749025,0.1242,2.1910746791400015
0.1244,2.1213763798587024,0.1244,2.1975282253697515
0.1246,2.1187949613668025,0.1246,2.1988189346157014
0.1248,2.1265392168425024,0.1248,2.1975282253697515
0.125,2.1226670891046524,0.125,2.2052724808454514
0.1252,2.1213763798587024,0.1252,2.2065631900914013
0.1254,2.1265392168425024,0.1254,2.2143074455671012
0.1256,2.1239577983506024,0.1256,2.2091446085833013
0.1258,2.1317020538263023,0.1258,2.2091446085833013
0.126,2.1304113445803523,0.126,2.2104353178292513
0.1262,2.1317020538263023,0.1262,2.2155981548130512
0.1264,2.1329927630722523,0.1264,2.2155981548130512
0.1266,2.1317020538263023,0.1266,2.2168888640590012
0.1268,2.1368648908101022,0.1268,2.2143074455671012
0.127,2.1381556000560522,0.127,2.2207609917968512
0.1272,2.1433184370398521,0.1272,2.2194702825509012
0.1274,2.1394463093020022,0.1274,2.2246331195347011
0.1276,2.1381556000560522,0.1276,2.2207609917968512
0.1278,2.1420277277939022,0.1278,2.2207609917968512
0.128,2.1394463093020022,0.128,2.2233424102887511
0.1282,2.1446091462858021,0.1282,2.2272145380266011
0.1284,2.1446091462858021,0.1284,2.2181795733049512
0.1286,2.1433184370398521,0.1286,2.2246331195347011
0.1288,2.1446091462858021,0.1288,2.2246331195347011
0.129,2.151062692515552,0.129,2.2207609917968512
0.1292,2.1420277277939022,0.1292,2.2233424102887511
0.1294,2.1484812740236521,0.1294,2.2246331195347011
0.1296,2.1471905647777021,0.1296,2.2259238287806511
0.1298,2.1497719832696021,0.1298,2.2259238287806511
0.13,2.1471905647777021,0.13,2.231086665764451
0.1302,2.153644111007452,0.1302,2.231086665764451
0.1304,2.154934820253402,0.1304,2.2259238287806511
0.1306,2.152353401761502,0.1306,2.2246331195347011
0.1308,2.1484812740236521,0.1308,2.2285052472725511
0.131,2.152353401761502,0.131,2.2259238287806511
0.1312,2.151062692515552,0.1312,2.2272145380266011
0.1314,2.1497719832696021,0.1314,2.229795956518501
0.1316,2.1484812740236521,0.1316,2.2285052472725511
0.1318,2.1458998555317521,0.1318,2.2233424102887511
0.132,2.1446091462858021,0.132,2.2246331195347011
0.1322,2.1471905647777021,0.1322,2.2194702825509012
0.1324,2.1407370185479522,0.1324,2.2220517010428011
0.1326,2.1458998555317521,0.1326,2.2233424102887511
0.1328,2.1394463093020022,0.1328,2.2220517010428011
0.133,2.1407370185479522,0.133,2.2194702825509012
0.1332,2.1420277277939022,0.1332,2.2207609917968512
0.1334,2.1433184370398521,0.1334,2.2194702825509012
0.1336,2.1420277277939022,0.1336,2.2194702825509012
0.1338,2.1368648908101022,0.1338,2.2130167363211513
0.134,2.1355741815641522,0.134,2.2155981548130512
0.1342,2.1304113445803523,0.1342,2.2194702825509012
0.1344,2.1329927630722523,0.1344,2.2130167363211513
0.1346,2.1329927630722523,0.1346,2.2104353178292513
0.1348,2.1265392168425024,0.1348,2.2052724808454514
0.135,2.1278299260884523,0.135,2.2052724808454514
0.1352,2.1239577983506024,0.1352,2.2001096438616514
0.1354,2.1226670891046524,0.1354,2.2039817715995014
0.1356,2.1252485075965524,0.1356,2.2001096438616514
0.1358,2.1239577983506024,0.1358,2.1975282253697515
0.136,2.1200856706127524,0.136,2.1975282253697515
0.1362,2.1200856706127524,0.1362,2.1949468068778515
0.1364,2.1162135428749025,0.1364,2.1923653883859515
0.1366,2.1162135428749025,0.1366,2.1923653883859515
0.1368,2.1110507058911026,0.1368,2.1949468068778515
0.137,2.1123414151370525,0.137,2.1910746791400015
0.1372,2.1136321243830025,0.1372,2.1859118421562016
0.1374,2.1149228336289525,0.1374,2.1962375161238015
0.1376,2.1123414151370525,0.1376,2.1884932606481016
0.1378,2.1175042521208525,0.1378,2.1897839698940516
0.138,2.1084692873992026,0.138,2.1923653883859515
0.1382,2.1045971596613526,0.1382,2.1846211329102516
0.1384,2.1020157411694527,0.1384,2.1859118421562016
0.1386,2.1071785781532526,0.1386,2.1846211329102516
0.1388,2.1058878689073026,0.1388,2.1872025514021516
0.139,2.1045971596613526,0.139,2.1820397144183517
0.1392,2.1033064504154027,0.1392,2.1807490051724017
0.1394,2.1020157411694527,0.1394,2.1833304236643016
0.1396,2.0994343226775527,0.1396,2.1833304236643016
0.1398,2.1020157411694527,0.1398,2.1794582959264517
0.14,2.0994343226775527,0.14,2.1755861681886017
0.1402,2.1020157411694527,0.1402,2.1820397144183517
0.1404,2.1033064504154027,0.1404,2.1872025514021516
0.1406,2.1033064504154027,0.1406,2.1833304236643016
0.1408,2.1033064504154027,0.1408,2.1781675866805017
0.141,2.1020157411694527,0.141,2.1807490051724017
0.1412,2.1045971596613526,0.1412,2.1846211329102516
0.1414,2.1033064504154027,0.1414,2.1833304236643016
0.1416,2.0994343226775527,0.1416,2.1820397144183517
0.1418,2.1058878689073026,0.1418,2.1859118421562016
0.142,2.1033064504154027,0.142,2.1846211329102516
0.1422,2.1123414151370525,0.1422,2.1884932606481016
0.1424,2.1033064504154027,0.1424,2.1923653883859515
0.1426,2.1045971596613526,0.1426,2.1884932606481016
0.1428,2.1071785781532526,0.1428,2.1897839698940516
0.143,2.1084692873992026,0.143,2.1923653883859515
0.1432,2.1136321243830025,0.1432,2.1923653883859515
0.1434,2.1084692873992026,0.1434,2.1949468068778515
0.1436,2.1097599966451526,0.1436,2.1884932606481016
0.1438,2.1162135428749025,0.1438,2.1923653883859515
0.144,2.1175042521208525,0.144,2.1923653883859515
0.1442,2.1187949613668025,0.1442,2.1975282253697515
0.1444,2.1162135428749025,0.1444,2.1936560976319015
0.1446,2.1149228336289525,0.1446,2.1975282253697515
0.1448,2.1252485075965524,0.1448,2.2065631900914013
0.145,2.1213763798587024,0.145,2.2052724808454514
0.1452,2.1265392168425024,0.1452,2.2039817715995014
0.1454,2.1239577983506024,0.1454,2.2130167363211513
0.1456,2.1278299260884523,0.1456,2.2065631900914013
0.1458,2.1317020538263023,0.1458,2.2039817715995014
0.146,2.1291206353344023,0.146,2.2143074455671012
0.1462,2.1239577983506024,0.1462,2.2155981548130512
0.1464,2.1317020538263023,0.1464,2.2155981548130512
0.1466,2.1329927630722523,0.1466,2.2143074455671012
0.1468,2.1329927630722523,0.1468,2.2220517010428011
0.147,2.1368648908101022,0.147,2.2181795733049512
0.1472,2.1420277277939022,0.1472,2.2207609917968512
0.1474,2.1368648908101022,0.1474,2.2207609917968512
0.1476,2.1407370185479522,0.1476,2.2220517010428011
0.1478,2.1407370185479522,0.1478,2.2207609917968512
0.148,2.1394463093020022,0.148,2.2220517010428011
0.1482,2.1458998555317521,0.1482,2.2246331195347011
0.1484,2.1484812740236521,0.1484,2.231086665764451
0.1486,2.1484812740236521,0.1486,2.2272145380266011
0.1488,2.1394463093020022,0.1488,2.2246331195347011
0.149,2.1484812740236521,0.149,2.2207609917968512
0.1492,2.1458998555317521,0.1492,2.232377375010401
0.1494,2.1497719832696021,0.1494,2.2272145380266011
0.1496,2.1484812740236521,0.1496,2.229795956518501
0.1498,2.153644111007452,0.1498,2.2285052472725511
0.15,2.1484812740236521,0.15,2.2272145380266011
0.1502,2.1433184370398521,0.1502,2.2259238287806511
0.1504,2.151062692515552,0.1504,2.2272145380266011
0.1506,2.1497719832696021,0.1506,2.231086665764451
0.1508,2.152353401761502,0.1508,2.232377375010401
0.151,2.151062692515552,0.151,2.231086665764451
0.1512,2.1484812740236521,0.1512,2.2233424102887511
0.1514,2.1497719832696021,0.1514,2.2233424102887511
0.1516,2.152353401761502,0.1516,2.2272145380266011
0.1518,2.1471905647777021,0.1518,2.2259238287806511
0.152,2.1446091462858021,0.152,2.2246331195347011
0.1522,2.1446091462858021,0.1522,2.2233424102887511
0.1524,2.1381556000560522,0.1524,2.2233424102887511
0.1526,2.1394463093020022,0.1526,2.2181795733049512
0.1528,2.1394463093020022,0.1528,2.2207609917968512
0.153,2.1355741815641522,0.153,2.2246331195347011
0.1532,2.1342834723182023,0.1532,2.2168888640590012
0.1534,2.1368648908101022,0.1534,2.2207609917968512
0.1536,2.1407370185479522,0.1536,2.2181795733049512
0.1538,2.1368648908101022,0.1538,2.2143074455671012
0.154,2.1381556000560522,0.154,2.2155981548130512
0.1542,2.1355741815641522,0.1542,2.2194702825509012
0.1544,2.1342834723182023,0.1544,2.2143074455671012
0.1546,2.1329927630722523,0.1546,2.2117260270752013
0.1548,2.1265392168425024,0.1548,2.2091446085833013
0.155,2.1317020538263023,0.155,2.2117260270752013
0.1552,2.1252485075965524,0.1552,2.2065631900914013
0.1554,2.1265392168425024,0.1554,2.2091446085833013
0.1556,2.1226670891046524,0.1556,2.2014003531076014
0.1558,2.1239577983506024,0.1558,2.2001096438616514
0.156,2.1200856706127524,0.156,2.1975282253697515
0.1562,2.1175042521208525,0.1562,2.1949468068778515
0.1564,2.1162135428749025,0.1564,2.1923653883859515
0.1566,2.1149228336289525,0.1566,2.1936560976319015
0.1568,2.1213763798587024,0.1568,2.1988189346157014
0.157,2.1149228336289525,0.157,2.1936560976319015
0.1572,2.1123414151370525,0.1572,2.1872025514021516
0.1574,2.1110507058911026,0.1574,2.1897839698940516
0.1576,2.1097599966451526,0.1576,2.1936560976319015
0.1578,2.1071785781532526,0.1578,2.1910746791400015
0.158,2.1123414151370525,0.158,2.1910746791400015
0.1582,2.1071785781532526,0.1582,2.1846211329102516
0.1584,2.1045971596613526,0.1584,2.1859118421562016
0.1586,2.1020157411694527,0.1586,2.1897839698940516
0.1588,2.1058878689073026,0.1588,2.1833304236643016
0.159,2.1045971596613526,0.159,2.1781675866805017
0.1592,2.1058878689073026,0.1592,2.1833304236643016
0.1594,2.1058878689073026,0.1594,2.1846211329102516
0.1596,2.1045971596613526,0.1596,2.1833304236643016
0.1598,2.1045971596613526,0.1598,2.1833304236643016
0.16,2.1020157411694527,0.16,2.1768768774345517
0.1602,2.0994343226775527,0.1602,2.1859118421562016
0.1604,2.1020157411694527,0.1604,2.1872025514021516
0.1606,2.1007250319235027,0.1606,2.1872025514021516
0.1608,2.1033064504154027,0.1608,2.1846211329102516
0.161,2.1020157411694527,0.161,2.1820397144183517
0.1612,2.1033064504154027,0.1612,2.1859118421562016
0.1614,2.1033064504154027,0.1614,2.1833304236643016
0.1616,2.1033064504154027,0.1616,2.1859118421562016
0.1618,2.1020157411694527,0.1618,2.1846211329102516
0.162,2.1033064504154027,0.162,2.1872025514021516
0.1622,2.1058878689073026,0.1622,2.1884932606481016
0.1624,2.1058878689073026,0.1624,2.1859118421562016
0.1626,2.1084692873992026,0.1626,2.1859118421562016
0.1628,2.1084692873992026,0.1628,2.1910746791400015
0.163,2.1071785781532526,0.163,2.1923653883859515
0.1632,2.1149228336289525,0.1632,2.1872025514021516
0.1634,2.1123414151370525,0.1634,2.1897839698940516
0.1636,2.1175042521208525,0.1636,2.1936560976319015
0.1638,2.1162135428749025,0.1638,2.1923653883859515
0.164,2.1175042521208525,0.164,2.1923653883859515
0.1642,2.1123414151370525,0.1642,2.1936560976319015
0.1644,2.1136321243830025,0.1644,2.1949468068778515
0.1646,2.1149228336289525,0.1646,2.2039817715995014
0.1648,2.1175042521208525,0.1648,2.1988189346157014
0.165,2.1239577983506024,0.165,2.2014003531076014
0.1652,2.1213763798587024,0.1652,2.2039817715995014
0.1654,2.1200856706127524,0.1654,2.2052724808454514
0.1656,2.1291206353344023,0.1656,2.2104353178292513
0.1658,2.1304113445803523,0.1658,2.2091446085833013
0.166,2.1304113445803523,0.166,2.2117260270752013
0.1662,2.1355741815641522,0.1662,2.2143074455671012
0.1664,2.1329927630722523,0.1664,2.2117260270752013
0.1666,2.1368648908101022,0.1666,2.2168888640590012
0.1668,2.1329927630722523,0.1668,2.2168888640590012
0.167,2.1394463093020022,0.167,2.2168888640590012
0.1672,2.1368648908101022,0.1672,2.2168888640590012
0.1674,2.1381556000560522,0.1674,2.2220517010428011
0.1676,2.1458998555317521,0.1676,2.2194702825509012
0.1678,2.1433184370398521,0.1678,2.2207609917968512
0.168,2.1420277277939022,0.168,2.2194702825509012
0.1682,2.1471905647777021,0.1682,2.2194702825509012
0.1684,2.1458998555317521,0.1684,2.2246331195347011
0.1686,2.1471905647777021,0.1686,2.2233424102887511
0.1688,2.1433184370398521,0.1688,2.2207609917968512
0.169,2.1446091462858021,0.169,2.2246331195347011
0.1692,2.1484812740236521,0.1692,2.2259238287806511
0.1694,2.1458998555317521,0.1694,2.232377375010401
0.1696,2.152353401761502,0.1696,2.2285052472725511
0.1698,2.1471905647777021,0.1698,2.2259238287806511
0.17,2.1471905647777021,0.17,2.229795956518501
0.1702,2.1471905647777021,0.1702,2.231086665764451
0.1704,2.1497719832696021,0.1704,2.2285052472725511
0.1706,2.1458998555317521,0.1706,2.233668084256351
0.1708,2.1458998555317521,0.1708,2.2259238287806511
0.171,2.1497719832696021,0.171,2.2259238287806511
0.1712,2.1484812740236521,0.1712,2.229795956518501
0.1714,2.1446091462858021,0.1714,2.232377375010401
0.1716,2.1458998555317521,0.1716,2.2233424102887511
0.1718,2.1471905647777021,0.1718,2.2259238287806511
0.172,2.1458998555317521,0.172,2.2233424102887511
0.1722,2.1446091462858021,0.1722,2.2207609917968512
0.1724,2.1420277277939022,0.1724,2.2194702825509012
0.1726,2.1458998555317521,0.1726,2.2194702825509012
0.1728,2.1381556000560522,0.1728,2.2246331195347011
0.173,2.1394463093020022,0.173,2.2181795733049512
0.1732,2.1381556000560522,0.1732,2.2207609917968512
0.1734,2.1394463093020022,0.1734,2.2233424102887511
0.1736,2.1420277277939022,0.1736,2.2233424102887511
0.1738,2.1342834723182023,0.1738,2.2181795733049512
0.174,2.1304113445803523,0.174,2.2130167363211513
0.1742,2.1368648908101022,0.1742,2.2194702825509012
0.1744,2.1355741815641522,0.1744,2.2168888640590012
0.1746,2.1291206353344023,0.1746,2.2052724808454514
0.1748,2.1278299260884523,0.1748,2.2078538993373513
0.175,2.1265392168425024,0.175,2.2104353178292513
0.1752,2.1239577983506024,0.1752,2.2104353178292513
0.1754,2.1239577983506024,0.1754,2.2001096438616514
0.1756,2.1265392168425024,0.1756,2.1975282253697515
0.1758,2.1200856706127524,0.1758,2.2026910623535514
0.176,2.1226670891046524,0.176,2.1988189346157014
0.1762,2.1187949613668025,0.1762,2.1936560976319015
0.1764,2.1175042521208525,0.1764,2.1962375161238015
0.1766,2.1110507058911026,0.1766,2.1923653883859515
0.1768,2.1136321243830025,0.1768,2.1923653883859515
0.177,2.1097599966451526,0.177,2.1936560976319015
0.1772,2.1136321243830025,0.1772,2.1910746791400015
0.1774,2.1110507058911026,0.1774,2.1859118421562016
0.1776,2.1071785781532526,0.1776,2.1884932606481016
0.1778,2.1123414151370525,0.1778,2.1884932606481016
0.178,2.1110507058911026,0.178,2.1833304236643016
0.1782,2.1084692873992026,0.1782,2.1846211329102516
0.1784,2.1045971596613526,0.1784,2.1846211329102516
0.1786,2.1110507058911026,0.1786,2.1884932606481016
0.1788,2.1020157411694527,0.1788,2.1833304236643016
0.179,2.1071785781532526,0.179,2.1807490051724017
0.1792,2.1033064504154027,0.1792,2.1820397144183517
0.1794,2.1045971596613526,0.1794,2.1846211329102516
0.1796,2.0994343226775527,0.1796,2.1820397144183517
0.1798,2.1007250319235027,0.1798,2.1859118421562016
0.18,2.1045971596613526,0.18,2.1872025514021516
0.1802,2.1058878689073026,0.1802,2.1820397144183517
0.1804,2.1007250319235027,0.1804,2.1820397144183517
0.1806,2.1058878689073026,0.1806,2.1768768774345517
0.1808,2.1020157411694527,0.1808,2.1768768774345517
0.181,2.0994343226775527,0.181,2.1833304236643016
0.1812,2.1020157411694527,0.1812,2.1794582959264517
0.1814,2.1020157411694527,0.1814,2.1794582959264517
0.1816,2.0994343226775527,0.1816,2.1820397144183517
0.1818,2.1007250319235027,0.1818,2.1846211329102516
0.182,2.1084692873992026,0.182,2.1820397144183517
0.1822,2.1084692873992026,0.1822,2.1846211329102516
0.1824,2.1071785781532526,0.1824,2.1846211329102516
0.1826,2.1071785781532526,0.1826,2.1833304236643016
0.1828,2.1136321243830025,0.1828,2.1910746791400015
0.183,2.1084692873992026,0.183,2.1910746791400015
0.1832,2.1123414151370525,0.1832,2.1923653883859515
0.1834,2.1123414151370525,0.1834,2.1897839698940516
0.1836,2.1110507058911026,0.1836,2.1884932606481016
0.1838,2.1110507058911026,0.1838,2.1872025514021516
0.184,2.1136321243830025,0.184,2.1910746791400015
0.1842,2.1187949613668025,0.1842,2.1975282253697515
0.1844,2.1187949613668025,0.1844,2.1975282253697515
0.1846,2.1213763798587024,0.1846,2.1975282253697515
0.1848,2.1213763798587024,0.1848,2.2014003531076014
0.185,2.1252485075965524,0.185,2.2052724808454514
0.1852,2.1239577983506024,0.1852,2.2078538993373513
0.1854,2.1265392168425024,0.1854,2.2078538993373513
0.1856,2.1304113445803523,0.1856,2.2065631900914013
0.1858,2.1278299260884523,0.1858,2.2117260270752013
0.186,2.1278299260884523,0.186,2.2091446085833013
0.1862,2.1317020538263023,0.1862,2.2078538993373513
0.1864,2.1278299260884523,0.1864,2.2155981548130512
0.1866,2.1355741815641522,0.1866,2.2117260270752013
0.1868,2.1342834723182023,0.1868,2.2207609917968512
0.187,2.1368648908101022,0.187,2.2155981548130512
0.1872,2.1368648908101022,0.1872,2.2220517010428011
0.1874,2.1407370185479522,0.1874,2.2181795733049512
0.1876,2.1368648908101022,0.1876,2.2181795733049512
0.1878,2.1381556000560522,0.1878,2.2220517010428011
0.188,2.1420277277939022,0.188,2.2233424102887511
0.1882,2.1458998555317521,0.1882,2.2233424102887511
0.1884,2.1446091462858021,0.1884,2.2220517010428011
0.1886,2.1420277277939022,0.1886,2.2233424102887511
0.1888,2.1484812740236521,0.1888,2.2207609917968512
0.189,2.1471905647777021,0.189,2.2285052472725511
0.1892,2.151062692515552,0.1892,2.2272145380266011
0.1894,2.1446091462858021,0.1894,2.2272145380266011
0.1896,2.1394463093020022,0.1896,2.236249502748251
0.1898,2.1497719832696021,0.1898,2.2259238287806511
0.19,2.1497719832696021,0.19,2.2272145380266011
0.1902,2.1420277277939022,0.1902,2.2259238287806511
0.1904,2.1471905647777021,0.1904,2.2272145380266011
0.1906,2.1471905647777021,0.1906,2.2285052472725511
0.1908,2.1471905647777021,0.1908,2.229795956518501
0.191,2.1471905647777021,0.191,2.2285052472725511
0.1912,2.1471905647777021,0.1912,2.2233424102887511
0.1914,2.1471905647777021,0.1914,2.232377375010401
0.1916,2.1497719832696021,0.1916,2.2259238287806511
0.1918,2.1484812740236521,0.1918,2.2246331195347011
0.192,2.1420277277939022,0.192,2.2272145380266011
0.1922,2.1420277277939022,0.1922,2.2233424102887511
0.1924,2.1407370185479522,0.1924,2.2181795733049512
0.1926,2.1381556000560522,0.1926,2.2194702825509012
0.1928,2.1355741815641522,0.1928,2.2181795733049512
0.193,2.1394463093020022,0.193,2.2143074455671012
0.1932,2.1433184370398521,0.1932,2.2207609917968512
0.1934,2.1433184370398521,0.1934,2.2194702825509012
0.1936,2.1381556000560522,0.1936,2.2143074455671012
0.1938,2.1329927630722523,0.1938,2.2168888640590012
0.194,2.1381556000560522,0.194,2.2143074455671012
0.1942,2.1368648908101022,0.1942,2.2181795733049512
0.1944,2.1355741815641522,0.1944,2.2155981548130512
0.1946,2.1329927630722523,0.1946,2.2065631900914013
0.1948,2.1239577983506024,0.1948,2.2052724808454514
0.195,2.1317020538263023,0.195,2.2039817715995014
0.1952,2.1252485075965524,0.1952,2.2052724808454514
0.1954,2.1252485075965524,0.1954,2.2052724808454514
0.1956,2.1239577983506024,0.1956,2.1962375161238015
0.1958,2.1226670891046524,0.1958,2.1975282253697515
0.196,2.1226670891046524,0.196,2.2001096438616514
0.1962,2.1200856706127524,0.1962,2.1897839698940516
0.1964,2.1226670891046524,0.1964,2.1962375161238015
0.1966,2.1175042521208525,0.1966,2.1936560976319015
0.1968,2.1162135428749025,0.1968,2.1923653883859515
0.197,2.1136321243830025,0.197,2.1936560976319015
0.1972,2.1123414151370525,0.1972,2.1897839698940516
0.1974,2.1097599966451526,0.1974,2.1923653883859515
0.1976,2.1071785781532526,0.1976,2.1923653883859515
0.1978,2.1123414151370525,0.1978,2.1859118421562016
0.198,2.1084692873992026,0.198,2.1859118421562016
0.1982,2.1071785781532526,0.1982,2.1859118421562016
0.1984,2.1033064504154027,0.1984,2.1897839698940516
0.1986,2.1097599966451526,0.1986,2.1833304236643016
0.1988,2.1084692873992026,0.1988,2.1859118421562016
0.199,2.1071785781532526,0.199,2.1846211329102516
0.1992,2.1033064504154027,0.1992,2.1846211329102516
0.1994,2.1007250319235027,0.1994,2.1794582959264517
0.1996,2.1045971596613526,0.1996,2.1833304236643016
0.1998,2.1007250319235027,0.1998,2.1794582959264517
0.2,2.1033064504154027,0.2,2.1807490051724017
0.2002,2.1045971596613526,0.2002,2.1807490051724017
0.2004,2.1045971596613526,0.2004,2.1846211329102516
0.2006,2.0981436134316027,0.2006,2.1833304236643016
0.2008,2.0981436134316027,0.2008,2.1833304236643016
0.201,2.1020157411694527,0.201,2.1833304236643016
0.2012,2.0968529041856527,0.2012,2.1833304236643016
0.2014,2.1071785781532526,0.2014,2.1807490051724017
0.2016,2.1020157411694527,0.2016,2.1846211329102516
0.2018,2.1033064504154027,0.2018,2.1846211329102516
0.202,2.1084692873992026,0.202,2.1859118421562016
0.2022,2.1084692873992026,0.2022,2.1859118421562016
0.2024,2.1045971596613526,0.2024,2.1897839698940516
0.2026,2.1110507058911026,0.2026,2.1910746791400015
0.2028,2.1097599966451526,0.2028,2.1910746791400015
0.203,2.1097599966451526,0.203,2.1884932606481016
0.2032,2.1084692873992026,0.2032,2.1936560976319015
0.2034,2.1162135428749025,0.2034,2.1884932606481016
0.2036,2.1123414151370525,0.2036,2.1936560976319015
0.2038,2.1136321243830025,0.2038,2.1936560976319015
0.204,2.1136321243830025,0.204,2.1923653883859515
0.2042,2.1187949613668025,0.2042,2.1962375161238015
0.2044,2.1149228336289525,0.2044,2.2014003531076014
0.2046,2.1123414151370525,0.2046,2.1975282253697515
0.2048,2.1239577983506024,0.2048,2.2065631900914013
0.205,2.1252485075965524,0.205,2.2078538993373513
0.2052,2.1187949613668025,0.2052,2.2091446085833013
0.2054,2.1278299260884523,0.2054,2.2026910623535514
0.2056,2.1278299260884523,0.2056,2.2052724808454514
0.2058,2.1278299260884523,0.2058,2.2117260270752013
0.206,2.1291206353344023,0.206,2.2078538993373513
0.2062,2.1291206353344023,0.2062,2.2155981548130512
0.2064,2.1317020538263023,0.2064,2.2143074455671012
0.2066,2.1368648908101022,0.2066,2.2168888640590012
0.2068,2.1342834723182023,0.2068,2.2117260270752013
0.207,2.1368648908101022,0.207,2.2194702825509012
0.2072,2.1368648908101022,0.2072,2.2207609917968512
0.2074,2.1407370185479522,0.2074,2.2168888640590012
0.2076,2.1329927630722523,0.2076,2.2130167363211513
0.2078,2.1407370185479522,0.2078,2.2143074455671012
0.208,2.1420277277939022,0.208,2.2194702825509012
0.2082,2.1407370185479522,0.2082,2.2168888640590012
0.2084,2.1446091462858021,0.2084,2.2285052472725511
0.2086,2.1446091462858021,0.2086,2.2220517010428011
0.2088,2.1458998555317521,0.2088,2.2272145380266011
0.209,2.1420277277939022,0.209,2.2259238287806511
0.2092,2.1433184370398521,0.2092,2.2285052472725511
0.2094,2.1458998555317521,0.2094,2.2285052472725511
0.2096,2.1471905647777021,0.2096,2.2246331195347011
0.2098,2.151062692515552,0.2098,2.2220517010428011
0.21,2.1471905647777021,0.21,2.2259238287806511
0.2102,2.1497719832696021,0.2102,2.2272145380266011
0.2104,2.1497719832696021,0.2104,2.2259238287806511
0.2106,2.1497719832696021,0.2106,2.2259238287806511
0.2108,2.1497719832696021,0.2108,2.229795956518501
0.211,2.1484812740236521,0.211,2.2246331195347011
0.2112,2.1497719832696021,0.2112,2.2259238287806511
0.2114,2.1497719832696021,0.2114,2.2194702825509012
0.2116,2.1471905647777021,0.2116,2.2246331195347011
0.2118,2.1407370185479522,0.2118,2.2168888640590012
0.212,2.1420277277939022,0.212,2.2181795733049512
0.2122,2.1433184370398521,0.2122,2.2220517010428011
0.2124,2.1407370185479522,0.2124,2.2168888640590012
0.2126,2.1420277277939022,0.2126,2.2220517010428011
0.2128,2.1381556000560522,0.2128,2.2220517010428011
0.213,2.1420277277939022,0.213,2.2168888640590012
0.2132,2.1381556000560522,0.2132,2.2181795733049512
0.2134,2.1407370185479522,0.2134,2.2155981548130512
0.2136,2.1407370185479522,0.2136,2.2130167363211513
0.2138,2.1368648908101022,0.2138,2.2117260270752013
0.214,2.1329927630722523,0.214,2.2194702825509012
0.2142,2.1317020538263023,0.2142,2.2143074455671012
0.2144,2.1342834723182023,0.2144,2.2091446085833013
0.2146,2.1304113445803523,0.2146,2.2091446085833013
0.2148,2.1278299260884523,0.2148,2.2078538993373513
0.215,2.1278299260884523,0.215,2.2026910623535514
0.2152,2.1226670891046524,0.2152,2.1988189346157014
0.2154,2.1265392168425024,0.2154,2.2039817715995014
0.2156,2.1226670891046524,0.2156,2.2001096438616514
0.2158,2.1187949613668025,0.2158,2.1975282253697515
0.216,2.1187949613668025,0.216,2.1936560976319015
0.2162,2.1149228336289525,0.2162,2.1988189346157014
0.2164,2.1136321243830025,0.2164,2.1949468068778515
0.2166,2.1136321243830025,0.2166,2.1923653883859515
0.2168,2.1123414151370525,0.2168,2.1897839698940516
0.217,2.1136321243830025,0.217,2.1846211329102516
0.2172,2.1110507058911026,0.2172,2.1936560976319015
0.2174,2.1123414151370525,0.2174,2.1859118421562016
0.2176,2.1097599966451526,0.2176,2.1872025514021516
0.2178,2.1097599966451526,0.2178,2.1884932606481016
0.218,2.1136321243830025,0.218,2.1884932606481016
0.2182,2.1071785781532526,0.2182,2.1833304236643016
0.2184,2.1033064504154027,0.2184,2.1872025514021516
0.2186,2.1058878689073026,0.2186,2.1794582959264517
0.2188,2.1084692873992026,0.2188,2.1833304236643016
0.219,2.1045971596613526,0.219,2.1859118421562016
0.2192,2.1058878689073026,0.2192,2.1833304236643016
0.2194,2.1045971596613526,0.2194,2.1807490051724017
0.2196,2.1007250319235027,0.2196,2.1768768774345517
0.2198,2.1020157411694527,0.2198,2.1820397144183517
0.22,2.1020157411694527,0.22,2.1846211329102516
0.2202,2.1033064504154027,0.2202,2.1859118421562016
0.2204,2.1020157411694527,0.2204,2.1794582959264517
0.2206,2.1033064504154027,0.2206,2.1833304236643016
0.2208,2.0968529041856527,0.2208,2.1781675866805017
0.221,2.1007250319235027,0.221,2.1781675866805017
0.2212,2.1058878689073026,0.2212,2.1807490051724017
0.2214,2.1033064504154027,0.2214,2.1794582959264517
0.2216,2.1033064504154027,0.2216,2.1859118421562016
0.2218,2.1033064504154027,0.2218,2.1859118421562016
0.222,2.1045971596613526,0.222,2.1872025514021516
0.2222,2.1058878689073026,0.2222,2.1807490051724017
0.2224,2.1097599966451526,0.2224,2.1859118421562016
0.2226,2.1020157411694527,0.2226,2.1897839698940516
0.2228,2.1110507058911026,0.2228,2.1884932606481016
0.223,2.1110507058911026,0.223,2.1872025514021516
0.2232,2.1123414151370525,0.2232,2.1936560976319015
0.2234,2.1084692873992026,0.2234,2.1910746791400015
0.2236,2.1136321243830025,0.2236,2.1923653883859515
0.2238,2.1162135428749025,0.2238,2.1936560976319015
0.224,2.1149228336289525,0.224,2.1872025514021516
0.2242,2.1162135428749025,0.2242,2.1910746791400015
0.2244,2.1136321243830025,0.2244,2.1962375161238015
0.2246,2.1187949613668025,0.2246,2.2014003531076014
0.2248,2.1213763798587024,0.2248,2.2001096438616514
0.225,2.1200856706127524,0.225,2.2026910623535514
0.2252,2.1265392168425024,0.2252,2.2065631900914013
0.2254,2.1278299260884523,0.2254,2.2052724808454514
0.2256,2.1278299260884523,0.2256,2.2130167363211513
0.2258,2.1252485075965524,0.2258,2.2078538993373513
0.226,2.1329927630722523,0.226,2.2026910623535514
0.2262,2.1278299260884523,0.2262,2.2117260270752013
0.2264,2.1355741815641522,0.2264,2.2155981548130512
0.2266,2.1317020538263023,0.2266,2.2168888640590012
0.2268,2.1355741815641522,0.2268,2.2143074455671012
0.227,2.1304113445803523,0.227,2.2168888640590012
0.2272,2.1420277277939022,0.2272,2.2220517010428011
0.2274,2.1394463093020022,0.2274,2.2181795733049512
0.2276,2.1355741815641522,0.2276,2.2168888640590012
0.2278,2.1446091462858021,0.2278,2.2194702825509012
0.228,2.1394463093020022,0.228,2.2233424102887511
0.2282,2.1407370185479522,0.2282,2.2246331195347011
0.2284,2.1433184370398521,0.2284,2.2220517010428011
0.2286,2.1446091462858021,0.2286,2.2220517010428011
0.2288,2.1446091462858021,0.2288,2.2272145380266011
0.229,2.1420277277939022,0.229,2.2233424102887511
0.2292,2.1484812740236521,0.2292,2.2220517010428011
0.2294,2.1446091462858021,0.2294,2.2285052472725511
0.2296,2.1484812740236521,0.2296,2.231086665764451
0.2298,2.1484812740236521,0.2298,2.229795956518501
0.23,2.1471905647777021,0.23,2.232377375010401
0.2302,2.1497719832696021,0.2302,2.2285052472725511
0.2304,2.1497719832696021,0.2304,2.2285052472725511
0.2306,2.152353401761502,0.2306,2.232377375010401
0.2308,2.153644111007452,0.2308,2.2272145380266011
0.231,2.152353401761502,0.231,2.2272145380266011
0.2312,2.1446091462858021,0.2312,2.2246331195347011
0.2314,2.1484812740236521,0.2314,2.2285052472725511
0.2316,2.1484812740236521,0.2316,2.2246331195347011
0.2318,2.1471905647777021,0.2318,2.2168888640590012
0.232,2.1420277277939022,0.232,2.2207609917968512
0.2322,2.1394463093020022,0.2322,2.2194702825509012
0.2324,2.1407370185479522,0.2324,2.2168888640590012
0.2326,2.1420277277939022,0.2326,2.2233424102887511
0.2328,2.1394463093020022,0.2328,2.2207609917968512
0.233,2.1420277277939022,0.233,2.2181795733049512
0.2332,2.1355741815641522,0.2332,2.2220517010428011
0.2334,2.1342834723182023,0.2334,2.2168888640590012
0.2336,2.1381556000560522,0.2336,2.2181795733049512
0.2338,2.1317020538263023,0.2338,2.2104353178292513
0.234,2.1329927630722523,0.234,2.2194702825509012
0.2342,2.1381556000560522,0.2342,2.2168888640590012
0.2344,2.1342834723182023,0.2344,2.2155981548130512
0.2346,2.1368648908101022,0.2346,2.2091446085833013
0.2348,2.1252485075965524,0.2348,2.2065631900914013
0.235,2.1252485075965524,0.235,2.2026910623535514
0.2352,2.1278299260884523,0.2352,2.1962375161238015
0.2354,2.1239577983506024,0.2354,2.1975282253697515
0.2356,2.1200856706127524,0.2356,2.2026910623535514
0.2358,2.1213763798587024,0.2358,2.2001096438616514
0.236,2.1200856706127524,0.236,2.1923653883859515
0.2362,2.1226670891046524,0.2362,2.1988189346157014
0.2364,2.1162135428749025,0.2364,2.1962375161238015
0.2366,2.1123414151370525,0.2366,2.2014003531076014
0.2368,2.1226670891046524,0.2368,2.1949468068778515
0.237,2.1162135428749025,0.237,2.1988189346157014
0.2372,2.1110507058911026,0.2372,2.1949468068778515
0.2374,2.1123414151370525,0.2374,2.1859118421562016
0.2376,2.1123414151370525,0.2376,2.1910746791400015
0.2378,2.1149228336289525,0.2378,2.1884932606481016
0.238,2.1110507058911026,0.238,2.1949468068778515
0.2382,2.1123414151370525,0.2382,2.1846211329102516
0.2384,2.1045971596613526,0.2384,2.1859118421562016
0.2386,2.1058878689073026,0.2386,2.1859118421562016
0.2388,2.1071785781532526,0.2388,2.1872025514021516
0.239,2.1071785781532526,0.239,2.1859118421562016
0.2392,2.1045971596613526,0.2392,2.1807490051724017
0.2394,2.1045971596613526,0.2394,2.1833304236643016
0.2396,2.1071785781532526,0.2396,2.1820397144183517
0.2398,2.1007250319235027,0.2398,2.1794582959264517
0.24,2.1045971596613526,0.24,2.1781675866805017
0.2402,2.1033064504154027,0.2402,2.1846211329102516
0.2404,2.1058878689073026,0.2404,2.1820397144183517
0.2406,2.0994343226775527,0.2406,2.1807490051724017
0.2408,2.1033064504154027,0.2408,2.1807490051724017
0.241,2.1007250319235027,0.241,2.1884932606481016
0.2412,2.0981436134316027,0.2412,2.1833304236643016
0.2414,2.1020157411694527,0.2414,2.1833304236643016
0.2416,2.1007250319235027,0.2416,2.1872025514021516
0.2418,2.1045971596613526,0.2418,2.1807490051724017
0.242,2.1033064504154027,0.242,2.1846211329102516
0.2422,2.1045971596613526,0.2422,2.1846211329102516
0.2424,2.1058878689073026,0.2424,2.1872025514021516
0.2426,2.1110507058911026,0.2426,2.1910746791400015
0.2428,2.1110507058911026,0.2428,2.1923653883859515
0.243,2.1123414151370525,0.243,2.1936560976319015
0.2432,2.1097599966451526,0.2432,2.1897839698940516
0.2434,2.1123414151370525,0.2434,2.1884932606481016
0.2436,2.1097599966451526,0.2436,2.1910746791400015
0.2438,2.1097599966451526,0.2438,2.1962375161238015
0.244,2.1149228336289525,0.244,2.1910746791400015
0.2442,2.1162135428749025,0.2442,2.1962375161238015
0.2444,2.1149228336289525,0.2444,2.1962375161238015
0.2446,2.1149228336289525,0.2446,2.2014003531076014
0.2448,2.1226670891046524,0.2448,2.2052724808454514
0.245,2.1213763798587024,0.245,2.2014003531076014
0.2452,2.1226670891046524,0.2452,2.2052724808454514
0.2454,2.1265392168425024,0.2454,2.2065631900914013
0.2456,2.1304113445803523,0.2456,2.2091446085833013
0.2458,2.1291206353344023,0.2458,2.2078538993373513
0.246,2.1291206353344023,0.246,2.2130167363211513
0.2462,2.1317020538263023,0.2462,2.2078538993373513
0.2464,2.1329927630722523,0.2464,2.2117260270752013
0.2466,2.1355741815641522,0.2466,2.2130167363211513
0.2468,2.1329927630722523,0.2468,2.2155981548130512
0.247,2.1355741815641522,0.247,2.2233424102887511
0.2472,2.1394463093020022,0.2472,2.2181795733049512
0.2474,2.1368648908101022,0.2474,2.2220517010428011
0.2476,2.1433184370398521,0.2476,2.2168888640590012
0.2478,2.1394463093020022,0.2478,2.2155981548130512
0.248,2.1317020538263023,0.248,2.2207609917968512
0.2482,2.1433184370398521,0.2482,2.2246331195347011
0.2484,2.1446091462858021,0.2484,2.2207609917968512
0.2486,2.1471905647777021,0.2486,2.2246331195347011
0.2488,2.1458998555317521,0.2488,2.2285052472725511
0.249,2.1420277277939022,0.249,2.2220517010428011
0.2492,2.1458998555317521,0.2492,2.229795956518501
0.2494,2.1446091462858021,0.2494,2.2259238287806511
0.2496,2.1484812740236521,0.2496,2.2220517010428011
0.2498,2.1446091462858021,0.2498,2.2259238287806511
0.25,2.1446091462858021,0.25,2.2272145380266011
0.2502,2.1471905647777021,0.2502,2.2272145380266011
0.2504,2.1433184370398521,0.2504,2.2233424102887511
0.2506,2.1458998555317521,0.2506,2.2259238287806511
0.2508,2.1471905647777021,0.2508,2.232377375010401
0.251,2.152353401761502,0.251,2.229795956518501
0.2512,2.1497719832696021,0.2512,2.2259238287806511
0.2514,2.1484812740236521,0.2514,2.2285052472725511
0.2516,2.1497719832696021,0.2516,2.2246331195347011
0.2518,2.151062692515552,0.2518,2.2246331195347011
0.252,2.1484812740236521,0.252,2.2259238287806511
0.2522,2.1458998555317521,0.2522,2.2155981548130512
0.2524,2.1420277277939022,0.2524,2.2207609917968512
0.2526,2.1433184370398521,0.2526,2.2207609917968512
0.2528,2.1420277277939022,0.2528,2.2220517010428011
0.253,2.1433184370398521,0.253,2.2130167363211513
0.2532,2.1407370185479522,0.2532,2.2194702825509012
0.2534,2.1355741815641522,0.2534,2.2194702825509012
0.2536,2.1394463093020022,0.2536,2.2220517010428011
0.2538,2.1355741815641522,0.2538,2.2181795733049512
0.254,2.1368648908101022,0.254,2.2168888640590012
0.2542,2.1342834723182023,0.2542,2.2117260270752013
0.2544,2.1342834723182023,0.2544,2.2143074455671012
0.2546,2.1394463093020022,0.2546,2.2117260270752013
0.2548,2.1304113445803523,0.2548,2.2104353178292513
0.255,2.1291206353344023,0.255,2.2039817715995014
0.2552,2.1265392168425024,0.2552,2.2052724808454514
0.2554,2.1200856706127524,0.2554,2.2078538993373513
0.2556,2.1226670891046524,0.2556,2.1988189346157014
0.2558,2.1252485075965524,0.2558,2.2052724808454514
0.256,2.1162135428749025,0.256,2.1975282253697515
0.2562,2.1175042521208525,0.2562,2.1975282253697515
0.2564,2.1136321243830025,0.2564,2.1962375161238015
0.2566,2.1200856706127524,0.2566,2.1962375161238015
0.2568,2.1162135428749025,0.2568,2.1936560976319015
0.257,2.1123414151370525,0.257,2.1949468068778515
0.2572,2.1175042521208525,0.2572,2.1923653883859515
0.2574,2.1149228336289525,0.2574,2.1884932606481016
0.2576,2.1123414151370525,0.2576,2.1872025514021516
0.2578,2.1123414151370525,0.2578,2.1872025514021516
0.258,2.1058878689073026,0.258,2.1884932606481016
0.2582,2.1058878689073026,0.2582,2.1897839698940516
0.2584,2.1071785781532526,0.2584,2.1820397144183517
0.2586,2.1033064504154027,0.2586,2.1884932606481016
0.2588,2.1058878689073026,0.2588,2.1833304236643016
0.259,2.1045971596613526,0.259,2.1820397144183517
0.2592,2.1020157411694527,0.2592,2.1807490051724017
0.2594,2.1045971596613526,0.2594,2.1846211329102516
0.2596,2.0994343226775527,0.2596,2.1846211329102516
0.2598,2.1020157411694527,0.2598,2.1807490051724017
0.26,2.1020157411694527,0.26,2.1846211329102516
0.2602,2.1045971596613526,0.2602,2.1794582959264517
0.2604,2.1033064504154027,0.2604,2.1807490051724017
0.2606,2.1033064504154027,0.2606,2.1781675866805017
0.2608,2.1020157411694527,0.2608,2.1781675866805017
0.261,2.0994343226775527,0.261,2.1872025514021516
0.2612,2.1007250319235027,0.2612,2.1794582959264517
0.2614,2.1045971596613526,0.2614,2.1833304236643016
0.2616,2.1058878689073026,0.2616,2.1846211329102516
0.2618,2.1033064504154027,0.2618,2.1833304236643016
0.262,2.1020157411694527,0.262,2.1846211329102516
0.2622,2.1033064504154027,0.2622,2.1872025514021516
0.2624,2.1071785781532526,0.2624,2.1833304236643016
0.2626,2.1020157411694527,0.2626,2.1897839698940516
0.2628,2.1045971596613526,0.2628,2.1884932606481016
0.263,2.1097599966451526,0.263,2.1859118421562016
0.2632,2.1084692873992026,0.2632,2.1949468068778515
0.2634,2.1123414151370525,0.2634,2.1859118421562016
0.2636,2.1136321243830025,0.2636,2.1923653883859515
0.2638,2.1136321243830025,0.2638,2.1910746791400015
0.264,2.1097599966451526,0.264,2.1910746791400015
0.2642,2.1149228336289525,0.2642,2.1936560976319015
0.2644,2.1149228336289525,0.2644,2.1910746791400015
0.2646,2.1187949613668025,0.2646,2.1975282253697515
0.2648,2.1149228336289525,0.2648,2.2039817715995014
0.265,2.1252485075965524,0.265,2.2078538993373513
0.2652,2.1200856706127524,0.2652,2.2065631900914013
0.2654,2.1239577983506024,0.2654,2.2065631900914013
0.2656,2.1278299260884523,0.2656,2.2039817715995014
0.2658,2.1278299260884523,0.2658,2.2052724808454514
0.266,2.1291206353344023,0.266,2.2078538993373513
0.2662,2.1291206353344023,0.2662,2.2078538993373513
0.2664,2.1342834723182023,0.2664,2.2168888640590012
0.2666,2.1355741815641522,0.2666,2.2143074455671012
0.2668,2.1355741815641522,0.2668,2.2207609917968512
0.267,2.1368648908101022,0.267,2.2194702825509012
0.2672,2.1381556000560522,0.2672,2.2143074455671012
0.2674,2.1381556000560522,0.2674,2.2207609917968512
0.2676,2.1381556000560522,0.2676,2.2155981548130512
0.2678,2.1355741815641522,0.2678,2.2207609917968512
0.268,2.1433184370398521,0.268,2.2207609917968512
0.2682,2.1433184370398521,0.2682,2.2194702825509012
0.2684,2.1446091462858021,0.2684,2.2233424102887511
0.2686,2.1433184370398521,0.2686,2.2246331195347011
0.2688,2.1458998555317521,0.2688,2.2259238287806511
0.269,2.1458998555317521,0.269,2.2233424102887511
0.2692,2.1446091462858021,0.2692,2.2233424102887511
0.2694,2.1458998555317521,0.2694,2.2246331195347011
0.2696,2.1446091462858021,0.2696,2.2272145380266011
0.2698,2.1484812740236521,0.2698,2.229795956518501
0.27,2.151062692515552,0.27,2.2272145380266011
0.2702,2.1471905647777021,0.2702,2.2285052472725511
0.2704,2.1484812740236521,0.2704,2.231086665764451
0.2706,2.1471905647777021,0.2706,2.2272145380266011
0.2708,2.1484812740236521,0.2708,2.2246331195347011
0.271,2.1497719832696021,0.271,2.231086665764451
0.2712,2.1484812740236521,0.2712,2.2285052472725511
0.2714,2.1458998555317521,0.2714,2.2272145380266011
0.2716,2.1471905647777021,0.2716,2.2259238287806511
0.2718,2.1497719832696021,0.2718,2.2259238287806511
0.272,2.1407370185479522,0.272,2.2207609917968512
0.2722,2.151062692515552,0.2722,2.2233424102887511
0.2724,2.1407370185479522,0.2724,2.2194702825509012
0.2726,2.1420277277939022,0.2726,2.2207609917968512
0.2728,2.1446091462858021,0.2728,2.2194702825509012
0.273,2.1407370185479522,0.273,2.2233424102887511
0.2732,2.1407370185479522,0.2732,2.2194702825509012
0.2734,2.1381556000560522,0.2734,2.2181795733049512
0.2736,2.1394463093020022,0.2736,2.2117260270752013
0.2738,2.1394463093020022,0.2738,2.2130167363211513
0.274,2.1368648908101022,0.274,2.2143074455671012
0.2742,2.1342834723182023,0.2742,2.2117260270752013
0.2744,2.1342834723182023,0.2744,2.2130167363211513
0.2746,2.1304113445803523,0.2746,2.2078538993373513
0.2748,2.1329927630722523,0.2748,2.2117260270752013
0.275,2.1278299260884523,0.275,2.2026910623535514
0.2752,2.1278299260884523,0.2752,2.2001096438616514
0.2754,2.1304113445803523,0.2754,2.2052724808454514
0.2756,2.1265392168425024,0.2756,2.2039817715995014
0.2758,2.1226670891046524,0.2758,2.1975282253697515
0.276,2.1213763798587024,0.276,2.1962375161238015
0.2762,2.1239577983506024,0.2762,2.1975282253697515
0.2764,2.1187949613668025,0.2764,2.1975282253697515
0.2766,2.1175042521208525,0.2766,2.1910746791400015
0.2768,2.1175042521208525,0.2768,2.1884932606481016
0.277,2.1136321243830025,0.277,2.1884932606481016
0.2772,2.1123414151370525,0.2772,2.1859118421562016
0.2774,2.1084692873992026,0.2774,2.1897839698940516
0.2776,2.1136321243830025,0.2776,2.1884932606481016
0.2778,2.1149228336289525,0.2778,2.1910746791400015
0.278,2.1110507058911026,0.278,2.1872025514021516
0.2782,2.1097599966451526,0.2782,2.1859118421562016
0.2784,2.1084692873992026,0.2784,2.1820397144183517
0.2786,2.1058878689073026,0.2786,2.1820397144183517
0.2788,2.1084692873992026,0.2788,2.1820397144183517
0.279,2.1020157411694527,0.279,2.1846211329102516
0.2792,2.1045971596613526,0.2792,2.1859118421562016
0.2794,2.1020157411694527,0.2794,2.1794582959264517
0.2796,2.0994343226775527,0.2796,2.1781675866805017
0.2798,2.1045971596613526,0.2798,2.1820397144183517
0.28,2.1045971596613526,0.28,2.1794582959264517
0.2802,2.1033064504154027,0.2802,2.1820397144183517
0.2804,2.1058878689073026,0.2804,2.1859118421562016
0.2806,2.1020157411694527,0.2806,2.1807490051724017
0.2808,2.1007250319235027,0.2808,2.1768768774345517
0.281,2.1033064504154027,0.281,2.1833304236643016
0.2812,2.1045971596613526,0.2812,2.1755861681886017
0.2814,2.1058878689073026,0.2814,2.1833304236643016
0.2816,2.1007250319235027,0.2816,2.1820397144183517
0.2818,2.1020157411694527,0.2818,2.1807490051724017
0.282,2.1007250319235027,0.282,2.1846211329102516
0.2822,2.1045971596613526,0.2822,2.1833304236643016
0.2824,2.1071785781532526,0.2824,2.1910746791400015
0.2826,2.1084692873992026,0.2826,2.1872025514021516
0.2828,2.1084692873992026,0.2828,2.1949468068778515
0.283,2.1149228336289525,0.283,2.1897839698940516
0.2832,2.1175042521208525,0.2832,2.1923653883859515
0.2834,2.1123414151370525,0.2834,2.1923653883859515
0.2836,2.1123414151370525,0.2836,2.1923653883859515
0.2838,2.1149228336289525,0.2838,2.1923653883859515
0.284,2.1149228336289525,0.284,2.1910746791400015
0.2842,2.1200856706127524,0.2842,2.1936560976319015
0.2844,2.1136321243830025,0.2844,2.1936560976319015
0.2846,2.1200856706127524,0.2846,2.2052724808454514
0.2848,2.1213763798587024,0.2848,2.2052724808454514
0.285,2.1252485075965524,0.285,2.2026910623535514
0.2852,2.1317020538263023,0.2852,2.2039817715995014
0.2854,2.1239577983506024,0.2854,2.2052724808454514
0.2856,2.1239577983506024,0.2856,2.2026910623535514
0.2858,2.1317020538263023,0.2858,2.2104353178292513
0.286,2.1304113445803523,0.286,2.2065631900914013
0.2862,2.1342834723182023,0.2862,2.2078538993373513
0.2864,2.1304113445803523,0.2864,2.2130167363211513
0.2866,2.1304113445803523,0.2866,2.2181795733049512
0.2868,2.1394463093020022,0.2868,2.2181795733049512
0.287,2.1381556000560522,0.287,2.2168888640590012
0.2872,2.1381556000560522,0.2872,2.2207609917968512
0.2874,2.1355741815641522,0.2874,2.2194702825509012
0.2876,2.1368648908101022,0.2876,2.2155981548130512
0.2878,2.1394463093020022,0.2878,2.2233424102887511
0.288,2.1407370185479522,0.288,2.2220517010428011
0.2882,2.1381556000560522,0.2882,2.2207609917968512
0.2884,2.1446091462858021,0.2884,2.2233424102887511
0.2886,2.1471905647777021,0.2886,2.2233424102887511
0.2888,2.1407370185479522,0.2888,2.2246331195347011
0.289,2.1471905647777021,0.289,2.2246331195347011
0.2892,2.1484812740236521,0.2892,2.2207609917968512
0.2894,2.1420277277939022,0.2894,2.232377375010401
0.2896,2.1446091462858021,0.2896,2.231086665764451
0.2898,2.1484812740236521,0.2898,2.2246331195347011
0.29,2.1497719832696021,0.29,2.2285052472725511
0.2902,2.1471905647777021,0.2902,2.231086665764451
0.2904,2.1458998555317521,0.2904,2.2246331195347011
0.2906,2.1433184370398521,0.2906,2.2259238287806511
0.2908,2.151062692515552,0.2908,2.2259238287806511
0.291,2.1471905647777021,0.291,2.2272145380266011
0.2912,2.1484812740236521,0.2912,2.2285052472725511
0.2914,2.1458998555317521,0.2914,2.2259238287806511
0.2916,2.1446091462858021,0.2916,2.2272145380266011
0.2918,2.1484812740236521,0.2918,2.2233424102887511
0.292,2.1420277277939022,0.292,2.2220517010428011
0.2922,2.1446091462858021,0.2922,2.2207609917968512
0.2924,2.1420277277939022,0.2924,2.2233424102887511
0.2926,2.1394463093020022,0.2926,2.2155981548130512
0.2928,2.1394463093020022,0.2928,2.2181795733049512
0.293,2.1407370185479522,0.293,2.2155981548130512
0.2932,2.1433184370398521,0.2932,2.2168888640590012
0.2934,2.1368648908101022,0.2934,2.2220517010428011
0.2936,2.1407370185479522,0.2936,2.2104353178292513
0.2938,2.1381556000560522,0.2938,2.2143074455671012
0.294,2.1355741815641522,0.294,2.2117260270752013
0.2942,2.1355741815641522,0.2942,2.2143074455671012
0.2944,2.1342834723182023,0.2944,2.2117260270752013
0.2946,2.1355741815641522,0.2946,2.2130167363211513
0.2948,2.1304113445803523,0.2948,2.2117260270752013
0.295,2.1278299260884523,0.295,2.2039817715995014
0.2952,2.1252485075965524,0.2952,2.1975282253697515
0.2954,2.1252485075965524,0.2954,2.2001096438616514
0.2956,2.1265392168425024,0.2956,2.1988189346157014
0.2958,2.1239577983506024,0.2958,2.1923653883859515
0.296,2.1226670891046524,0.296,2.1936560976319015
0.2962,2.1175042521208525,0.2962,2.1936560976319015
0.2964,2.1200856706127524,0.2964,2.1988189346157014
0.2966,2.1136321243830025,0.2966,2.1962375161238015
0.2968,2.1175042521208525,0.2968,2.1949468068778515
0.297,2.1149228336289525,0.297,2.1884932606481016
0.2972,2.1123414151370525,0.2972,2.1846211329102516
0.2974,2.1110507058911026,0.2974,2.1910746791400015
0.2976,2.1136321243830025,0.2976,2.1910746791400015
0.2978,2.1110507058911026,0.2978,2.1859118421562016
0.298,2.1149228336289525,0.298,2.1846211329102516
0.2982,2.1071785781532526,0.2982,2.1820397144183517
0.2984,2.1097599966451526,0.2984,2.1859118421562016
0.2986,2.1033064504154027,0.2986,2.1884932606481016
0.2988,2.1071785781532526,0.2988,2.1820397144183517
0.299,2.1033064504154027,0.299,2.1884932606481016
0.2992,2.1033064504154027,0.2992,2.1794582959264517
0.2994,2.1020157411694527,0.2994,2.1820397144183517
0.2996,2.1020157411694527,0.2996,2.1807490051724017
0.2998,2.1058878689073026,0.2998,2.1833304236643016
0.3,2.1033064504154027,0.3,2.1768768774345517
0.3002,2.1020157411694527,0.3002,2.1807490051724017
0.3004,2.1058878689073026,0.3004,2.1781675866805017
0.3006,2.1020157411694527,0.3006,2.1846211329102516
0.3008,2.1045971596613526,0.3008,2.1794582959264517
0.301,2.1045971596613526,0.301,2.1846211329102516
0.3012,2.1071785781532526,0.3012,2.1781675866805017
0.3014,2.1071785781532526,0.3014,2.1820397144183517
0.3016,2.1058878689073026,0.3016,2.1807490051724017
0.3018,2.1045971596613526,0.3018,2.1859118421562016
0.302,2.1097599966451526,0.302,2.1833304236643016
0.3022,2.1084692873992026,0.3022,2.1897839698940516
0.3024,2.1071785781532526,0.3024,2.1872025514021516
0.3026,2.1110507058911026,0.3026,2.1897839698940516
0.3028,2.1123414151370525,0.3028,2.1859118421562016
0.303,2.1084692873992026,0.303,2.1910746791400015
0.3032,2.1084692873992026,0.3032,2.1859118421562016
0.3034,2.1123414151370525,0.3034,2.1923653883859515
0.3036,2.1149228336289525,0.3036,2.1949468068778515
0.3038,2.1149228336289525,0.3038,2.1975282253697515
0.304,2.1187949613668025,0.304,2.1975282253697515
0.3042,2.1136321243830025,0.3042,2.1962375161238015
0.3044,2.1175042521208525,0.3044,2.1975282253697515
0.3046,2.1187949613668025,0.3046,2.2026910623535514
0.3048,2.1175042521208525,0.3048,2.2014003531076014
0.305,2.1226670891046524,0.305,2.2039817715995014
0.3052,2.1213763798587024,0.3052,2.2052724808454514
0.3054,2.1226670891046524,0.3054,2.2052724808454514
0.3056,2.1252485075965524,0.3056,2.2104353178292513
0.3058,2.1278299260884523,0.3058,2.2026910623535514
0.306,2.1304113445803523,0.306,2.2143074455671012
0.3062,2.1317020538263023,0.3062,2.2091446085833013
0.3064,2.1304113445803523,0.3064,2.2143074455671012
0.3066,2.1342834723182023,0.3066,2.2143074455671012
0.3068,2.1368648908101022,0.3068,2.2155981548130512
0.307,2.1394463093020022,0.307,2.2194702825509012
0.3072,2.1407370185479522,0.3072,2.2220517010428011
0.3074,2.1407370185479522,0.3074,2.2220517010428011
0.3076,2.1368648908101022,0.3076,2.2220517010428011
0.3078,2.1381556000560522,0.3078,2.2194702825509012
0.308,2.1420277277939022,0.308,2.2259238287806511
0.3082,2.1446091462858021,0.3082,2.2233424102887511
0.3084,2.1433184370398521,0.3084,2.2181795733049512
0.3086,2.1433184370398521,0.3086,2.2246331195347011
0.3088,2.1446091462858021,0.3088,2.2246331195347011
0.309,2.1484812740236521,0.309,2.2246331195347011
0.3092,2.1484812740236521,0.3092,2.2259238287806511
0.3094,2.1484812740236521,0.3094,2.2246331195347011
0.3096,2.1497719832696021,0.3096,2.234958793502301
0.3098,2.1484812740236521,0.3098,2.229795956518501
0.31,2.1497719832696021,0.31,2.2285052472725511
0.3102,2.1484812740236521,0.3102,2.2285052472725511
0.3104,2.1471905647777021,0.3104,2.2220517010428011
0.3106,2.1407370185479522,0.3106,2.2259238287806511
0.3108,2.1471905647777021,0.3108,2.2246331195347011
0.311,2.1484812740236521,0.311,2.2246331195347011
0.3112,2.1497719832696021,0.3112,2.2272145380266011
0.3114,2.153644111007452,0.3114,2.229795956518501
0.3116,2.1458998555317521,0.3116,2.2181795733049512
0.3118,2.1433184370398521,0.3118,2.229795956518501
0.312,2.1497719832696021,0.312,2.2233424102887511
0.3122,2.1458998555317521,0.3122,2.2207609917968512
0.3124,2.1407370185479522,0.3124,2.2194702825509012
0.3126,2.1368648908101022,0.3126,2.2155981548130512
0.3128,2.1368648908101022,0.3128,2.2168888640590012
0.313,2.1407370185479522,0.313,2.2181795733049512
0.3132,2.1368648908101022,0.3132,2.2207609917968512
0.3134,2.1394463093020022,0.3134,2.2168888640590012
0.3136,2.1355741815641522,0.3136,2.2181795733049512
0.3138,2.1381556000560522,0.3138,2.2194702825509012
0.314,2.1317020538263023,0.314,2.2143074455671012
0.3142,2.1381556000560522,0.3142,2.2143074455671012
0.3144,2.1381556000560522,0.3144,2.2155981548130512
0.3146,2.1368648908101022,0.3146,2.2117260270752013
0.3148,2.1291206353344023,0.3148,2.2065631900914013
0.315,2.1278299260884523,0.315,2.2078538993373513
0.3152,2.1239577983506024,0.3152,2.2001096438616514
0.3154,2.1239577983506024,0.3154,2.2052724808454514
0.3156,2.1239577983506024,0.3156,2.2001096438616514
0.3158,2.1239577983506024,0.3158,2.2001096438616514
0.316,2.1213763798587024,0.316,2.2001096438616514
0.3162,2.1200856706127524,0.3162,2.1962375161238015
0.3164,2.1162135428749025,0.3164,2.1949468068778515
0.3166,2.1162135428749025,0.3166,2.1949468068778515
0.3168,2.1149228336289525,0.3168,2.1923653883859515
0.317,2.1136321243830025,0.317,2.1872025514021516
0.3172,2.1110507058911026,0.3172,2.1936560976319015
0.3174,2.1123414151370525,0.3174,2.1910746791400015
0.3176,2.1110507058911026,0.3176,2.1923653883859515
0.3178,2.1058878689073026,0.3178,2.1897839698940516
0.318,2.1123414151370525,0.318,2.1872025514021516
0.3182,2.1058878689073026,0.3182,2.1859118421562016
0.3184,2.1033064504154027,0.3184,2.1884932606481016
0.3186,2.1058878689073026,0.3186,2.1846211329102516
0.3188,2.1045971596613526,0.3188,2.1872025514021516
0.319,2.1058878689073026,0.319,2.1884932606481016
0.3192,2.1045971596613526,0.3192,2.1859118421562016
0.3194,2.1110507058911026,0.3194,2.1846211329102516
0.3196,2.1020157411694527,0.3196,2.1820397144183517
0.3198,2.0994343226775527,0.3198,2.1807490051724017
0.32,2.1033064504154027,0.32,2.1820397144183517
0.3202,2.1007250319235027,0.3202,2.1755861681886017
0.3204,2.1007250319235027,0.3204,2.1846211329102516
0.3206,2.0994343226775527,0.3206,2.1846211329102516
0.3208,2.0994343226775527,0.3208,2.1794582959264517
0.321,2.0994343226775527,0.321,2.1820397144183517
0.3212,2.0981436134316027,0.3212,2.1846211329102516
0.3214,2.0994343226775527,0.3214,2.1846211329102516
0.3216,2.1020157411694527,0.3216,2.1872025514021516
0.3218,2.1033064504154027,0.3218,2.1833304236643016
0.322,2.1033064504154027,0.322,2.1910746791400015
0.3222,2.1020157411694527,0.3222,2.1872025514021516
0.3224,2.1045971596613526,0.3224,2.1884932606481016
0.3226,2.1097599966451526,0.3226,2.1872025514021516
0.3228,2.1097599966451526,0.3228,2.1884932606481016
0.323,2.1097599966451526,0.323,2.1923653883859515
0.3232,2.1123414151370525,0.3232,2.1897839698940516
0.3234,2.1123414151370525,0.3234,2.1897839698940516
0.3236,2.1097599966451526,0.3236,2.1897839698940516
0.3238,2.1123414151370525,0.3238,2.1936560976319015
0.324,2.1175042521208525,0.324,2.1949468068778515
0.3242,2.1175042521208525,0.3242,2.1962375161238015
0.3244,2.1162135428749025,0.3244,2.1949468068778515
0.3246,2.1162135428749025,0.3246,2.1975282253697515
0.3248,2.1187949613668025,0.3248,2.1962375161238015
0.325,2.1213763798587024,0.325,2.2039817715995014
0.3252,2.1226670891046524,0.3252,2.2014003531076014
0.3254,2.1200856706127524,0.3254,2.2078538993373513
0.3256,2.1278299260884523,0.3256,2.2078538993373513
0.3258,2.1317020538263023,0.3258,2.2078538993373513
0.326,2.1304113445803523,0.326,2.2117260270752013
0.3262,2.1317020538263023,0.3262,2.2117260270752013
0.3264,2.1291206353344023,0.3264,2.2104353178292513
0.3266,2.1317020538263023,0.3266,2.2143074455671012
0.3268,2.1342834723182023,0.3268,2.2155981548130512
0.327,2.1355741815641522,0.327,2.2168888640590012
0.3272,2.1394463093020022,0.3272,2.2194702825509012
0.3274,2.1407370185479522,0.3274,2.2220517010428011
0.3276,2.1420277277939022,0.3276,2.2181795733049512
0.3278,2.1342834723182023,0.3278,2.2155981548130512
0.328,2.1394463093020022,0.328,2.2220517010428011
0.3282,2.1407370185479522,0.3282,2.2181795733049512
0.3284,2.1446091462858021,0.3284,2.2181795733049512
0.3286,2.1407370185479522,0.3286,2.2233424102887511
0.3288,2.1433184370398521,0.3288,2.2233424102887511
0.329,2.1458998555317521,0.329,2.2233424102887511
0.3292,2.1446091462858021,0.3292,2.2220517010428011
0.3294,2.1471905647777021,0.3294,2.2220517010428011
0.3296,2.1446091462858021,0.3296,2.2233424102887511
0.3298,2.1497719832696021,0.3298,2.2181795733049512
0.33,2.1458998555317521,0.33,2.229795956518501
0.3302,2.1484812740236521,0.3302,2.2259238287806511
0.3304,2.1471905647777021,0.3304,2.229795956518501
0.3306,2.1446091462858021,0.3306,2.229795956518501
0.3308,2.1458998555317521,0.3308,2.2233424102887511
0.331,2.151062692515552,0.331,2.2285052472725511
0.3312,2.1471905647777021,0.3312,2.2285052472725511
0.3314,2.1458998555317521,0.3314,2.2285052472725511
0.3316,2.1497719832696021,0.3316,2.2272145380266011
0.3318,2.1433184370398521,0.3318,2.2220517010428011
0.332,2.1420277277939022,0.332,2.2272145380266011
0.3322,2.1420277277939022,0.3322,2.2220517010428011
0.3324,2.1407370185479522,0.3324,2.2194702825509012
0.3326,2.1458998555317521,0.3326,2.2246331195347011
0.3328,2.1407370185479522,0.3328,2.2194702825509012
0.333,2.1446091462858021,0.333,2.2233424102887511
0.3332,2.1368648908101022,0.3332,2.2155981548130512
0.3334,2.1394463093020022,0.3334,2.2155981548130512
0.3336,2.1355741815641522,0.3336,2.2168888640590012
0.3338,2.1342834723182023,0.3338,2.2155981548130512
0.334,2.1394463093020022,0.334,2.2104353178292513
0.3342,2.1355741815641522,0.3342,2.2091446085833013
0.3344,2.1342834723182023,0.3344,2.2143074455671012
0.3346,2.1342834723182023,0.3346,2.2104353178292513
0.3348,2.1329927630722523,0.3348,2.2065631900914013
0.335,2.1317020538263023,0.335,2.2052724808454514
0.3352,2.1252485075965524,0.3352,2.2026910623535514
0.3354,2.1187949613668025,0.3354,2.1936560976319015
0.3356,2.1252485075965524,0.3356,2.2052724808454514
0.3358,2.1252485075965524,0.3358,2.1975282253697515
0.336,2.1162135428749025,0.336,2.1988189346157014
0.3362,2.1200856706127524,0.3362,2.1988189346157014
0.3364,2.1149228336289525,0.3364,2.2026910623535514
0.3366,2.1187949613668025,0.3366,2.1897839698940516
0.3368,2.1162135428749025,0.3368,2.1949468068778515
0.337,2.1149228336289525,0.337,2.1897839698940516
0.3372,2.1110507058911026,0.3372,2.1910746791400015
0.3374,2.1084692873992026,0.3374,2.1884932606481016
0.3376,2.1097599966451526,0.3376,2.1859118421562016
0.3378,2.1110507058911026,0.3378,2.1884932606481016
0.338,2.1084692873992026,0.338,2.1807490051724017
0.3382,2.1045971596613526,0.3382,2.1872025514021516
0.3384,2.1058878689073026,0.3384,2.1807490051724017
0.3386,2.1058878689073026,0.3386,2.1820397144183517
0.3388,2.1033064504154027,0.3388,2.1859118421562016
0.339,2.1071785781532526,0.339,2.1833304236643016
0.3392,2.1020157411694527,0.3392,2.1833304236643016
0.3394,2.1007250319235027,0.3394,2.1807490051724017
0.3396,2.1020157411694527,0.3396,2.1768768774345517
0.3398,2.0994343226775527,0.3398,2.1807490051724017
0.34,2.1020157411694527,0.34,2.1755861681886017
0.3402,2.1020157411694527,0.3402,2.1833304236643016
0.3404,2.1045971596613526,0.3404,2.1833304236643016
0.3406,2.1033064504154027,0.3406,2.1807490051724017
0.3408,2.0981436134316027,0.3408,2.1768768774345517
0.341,2.1007250319235027,0.341,2.1742954589426517
0.3412,2.1020157411694527,0.3412,2.1794582959264517
0.3414,2.1020157411694527,0.3414,2.1846211329102516
0.3416,2.1045971596613526,0.3416,2.1820397144183517
0.3418,2.1020157411694527,0.3418,2.1859118421562016
0.342,2.1058878689073026,0.342,2.1833304236643016
0.3422,2.0981436134316027,0.3422,2.1820397144183517
0.3424,2.1033064504154027,0.3424,2.1872025514021516
0.3426,2.1110507058911026,0.3426,2.1820397144183517
0.3428,2.1136321243830025,0.3428,2.1846211329102516
0.343,2.1084692873992026,0.343,2.1846211329102516
0.3432,2.1123414151370525,0.3432,2.1897839698940516
0.3434,2.1123414151370525,0.3434,2.1923653883859515
0.3436,2.1149228336289525,0.3436,2.1884932606481016
0.3438,2.1149228336289525,0.3438,2.1936560976319015
0.344,2.1149228336289525,0.344,2.1884932606481016
0.3442,2.1187949613668025,0.3442,2.1975282253697515
0.3444,2.1162135428749025,0.3444,2.2001096438616514
0.3446,2.1175042521208525,0.3446,2.2014003531076014
0.3448,2.1226670891046524,0.3448,2.2014003531076014
0.345,2.1187949613668025,0.345,2.2052724808454514
0.3452,2.1265392168425024,0.3452,2.2130167363211513
0.3454,2.1291206353344023,0.3454,2.2039817715995014
0.3456,2.1278299260884523,0.3456,2.2078538993373513
0.3458,2.1278299260884523,0.3458,2.2078538993373513
0.346,2.1278299260884523,0.346,2.2130167363211513
0.3462,2.1329927630722523,0.3462,2.2104353178292513
0.3464,2.1342834723182023,0.3464,2.2130167363211513
0.3466,2.1342834723182023,0.3466,2.2117260270752013
0.3468,2.1381556000560522,0.3468,2.2130167363211513
0.347,2.1355741815641522,0.347,2.2181795733049512
0.3472,2.1329927630722523,0.3472,2.2168888640590012
0.3474,2.1394463093020022,0.3474,2.2181795733049512
0.3476,2.1368648908101022,0.3476,2.2155981548130512
0.3478,2.1394463093020022,0.3478,2.2194702825509012
0.348,2.1407370185479522,0.348,2.2168888640590012
0.3482,2.1458998555317521,0.3482,2.2233424102887511
0.3484,2.1420277277939022,0.3484,2.2233424102887511
0.3486,2.1458998555317521,0.3486,2.2259238287806511
0.3488,2.1446091462858021,0.3488,2.2207609917968512
0.349,2.1446091462858021,0.349,2.2259238287806511
0.3492,2.1407370185479522,0.3492,2.2272145380266011
0.3494,2.1446091462858021,0.3494,2.2233424102887511
0.3496,2.1471905647777021,0.3496,2.233668084256351
0.3498,2.1458998555317521,0.3498,2.2233424102887511
0.35,2.1484812740236521,0.35,2.2272145380266011
0.3502,2.1484812740236521,0.3502,2.2246331195347011
0.3504,2.1446091462858021,0.3504,2.2285052472725511
0.3506,2.152353401761502,0.3506,2.2272145380266011
0.3508,2.1446091462858021,0.3508,2.2272145380266011
0.351,2.1484812740236521,0.351,2.2246331195347011
0.3512,2.1446091462858021,0.3512,2.2272145380266011
0.3514,2.152353401761502,0.3514,2.2285052472725511
0.3516,2.1471905647777021,0.3516,2.2220517010428011
0.3518,2.1458998555317521,0.3518,2.2246331195347011
0.352,2.1471905647777021,0.352,2.2220517010428011
0.3522,2.1484812740236521,0.3522,2.2143074455671012
0.3524,2.1471905647777021,0.3524,2.2207609917968512
0.3526,2.1420277277939022,0.3526,2.2168888640590012
0.3528,2.1407370185479522,0.3528,2.2207609917968512
0.353,2.1420277277939022,0.353,2.2233424102887511
0.3532,2.1381556000560522,0.3532,2.2220517010428011
0.3534,2.1394463093020022,0.3534,2.2207609917968512
0.3536,2.1407370185479522,0.3536,2.2155981548130512
0.3538,2.1355741815641522,0.3538,2.2078538993373513
0.354,2.1368648908101022,0.354,2.2143074455671012
0.3542,2.1329927630722523,0.3542,2.2194702825509012
0.3544,2.1342834723182023,0.3544,2.2155981548130512
0.3546,2.1368648908101022,0.3546,2.2091446085833013
0.3548,2.1329927630722523,0.3548,2.2104353178292513
0.355,2.1329927630722523,0.355,2.2078538993373513
0.3552,2.1265392168425024,0.3552,2.2039817715995014
0.3554,2.1239577983506024,0.3554,2.2039817715995014
0.3556,2.1252485075965524,0.3556,2.2026910623535514
0.3558,2.1265392168425024,0.3558,2.1962375161238015
0.356,2.1213763798587024,0.356,2.1975282253697515
0.3562,2.1175042521208525,0.3562,2.1975282253697515
0.3564,2.1187949613668025,0.3564,2.1962375161238015
0.3566,2.1187949613668025,0.3566,2.1962375161238015
0.3568,2.1200856706127524,0.3568,2.1923653883859515
0.357,2.1110507058911026,0.357,2.1884932606481016
0.3572,2.1136321243830025,0.3572,2.1859118421562016
0.3574,2.1136321243830025,0.3574,2.1923653883859515
0.3576,2.1097599966451526,0.3576,2.1910746791400015
0.3578,2.1123414151370525,0.3578,2.1884932606481016
0.358,2.1045971596613526,0.358,2.1872025514021516
0.3582,2.1058878689073026,0.3582,2.1872025514021516
0.3584,2.1084692873992026,0.3584,2.1897839698940516
0.3586,2.1097599966451526,0.3586,2.1833304236643016
0.3588,2.1097599966451526,0.3588,2.1833304236643016
0.359,2.1058878689073026,0.359,2.1833304236643016
0.3592,2.1007250319235027,0.3592,2.1872025514021516
0.3594,2.1020157411694527,0.3594,2.1794582959264517
0.3596,2.1020157411694527,0.3596,2.1846211329102516
0.3598,2.0994343226775527,0.3598,2.1833304236643016
0.36,2.1020157411694527,0.36,2.1820397144183517
0.3602,2.1007250319235027,0.3602,2.1846211329102516
0.3604,2.1020157411694527,0.3604,2.1794582959264517
0.3606,2.1007250319235027,0.3606,2.1794582959264517
0.3608,2.1033064504154027,0.3608,2.1846211329102516
0.361,2.1020157411694527,0.361,2.1833304236643016
0.3612,2.1033064504154027,0.3612,2.1820397144183517
0.3614,2.0981436134316027,0.3614,2.1859118421562016
0.3616,2.1007250319235027,0.3616,2.1820397144183517
0.3618,2.1058878689073026,0.3618,2.1859118421562016
0.362,2.1020157411694527,0.362,2.1859118421562016
0.3622,2.1033064504154027,0.3622,2.1923653883859515
0.3624,2.1071785781532526,0.3624,2.1781675866805017
0.3626,2.1084692873992026,0.3626,2.1884932606481016
0.3628,2.1110507058911026,0.3628,2.1910746791400015
0.363,2.1084692873992026,0.363,2.1884932606481016
0.3632,2.1110507058911026,0.3632,2.1884932606481016
0.3634,2.1123414151370525,0.3634,2.1962375161238015
0.3636,2.1162135428749025,0.3636,2.1884932606481016
0.3638,2.1136321243830025,0.3638,2.1936560976319015
0.364,2.1149228336289525,0.364,2.1962375161238015
0.3642,2.1149228336289525,0.3642,2.1936560976319015
0.3644,2.1187949613668025,0.3644,2.2001096438616514
0.3646,2.1110507058911026,0.3646,2.2001096438616514
0.3648,2.1226670891046524,0.3648,2.2001096438616514
0.365,2.1239577983506024,0.365,2.2052724808454514
0.3652,2.1239577983506024,0.3652,2.2052724808454514
0.3654,2.1252485075965524,0.3654,2.2039817715995014
0.3656,2.1226670891046524,0.3656,2.2078538993373513
0.3658,2.1291206353344023,0.3658,2.2065631900914013
0.366,2.1304113445803523,0.366,2.2104353178292513
0.3662,2.1304113445803523,0.3662,2.2168888640590012
0.3664,2.1304113445803523,0.3664,2.2168888640590012
0.3666,2.1342834723182023,0.3666,2.2168888640590012
0.3668,2.1355741815641522,0.3668,2.2130167363211513
0.367,2.1407370185479522,0.367,2.2181795733049512
0.3672,2.1368648908101022,0.3672,2.2220517010428011
0.3674,2.1407370185479522,0.3674,2.2181795733049512
0.3676,2.1407370185479522,0.3676,2.2143074455671012
0.3678,2.1381556000560522,0.3678,2.2207609917968512
0.368,2.1394463093020022,0.368,2.2194702825509012
0.3682,2.1368648908101022,0.3682,2.2220517010428011
0.3684,2.1458998555317521,0.3684,2.2233424102887511
0.3686,2.1433184370398521,0.3686,2.2233424102887511
0.3688,2.1420277277939022,0.3688,2.2285052472725511
0.369,2.1394463093020022,0.369,2.2233424102887511
0.3692,2.1458998555317521,0.3692,2.2272145380266011
0.3694,2.1446091462858021,0.3694,2.2233424102887511
0.3696,2.1471905647777021,0.3696,2.229795956518501
0.3698,2.1458998555317521,0.3698,2.2246331195347011
0.37,2.1420277277939022,0.37,2.2285052472725511
0.3702,2.1446091462858021,0.3702,2.231086665764451
0.3704,2.1484812740236521,0.3704,2.229795956518501
0.3706,2.1497719832696021,0.3706,2.2233424102887511
0.3708,2.1458998555317521,0.3708,2.2285052472725511
0.371,2.152353401761502,0.371,2.2259238287806511
0.3712,2.1497719832696021,0.3712,2.2285052472725511
0.3714,2.1484812740236521,0.3714,2.2233424102887511
0.3716,2.1446091462858021,0.3716,2.2233424102887511
0.3718,2.1433184370398521,0.3718,2.2207609917968512
0.372,2.1420277277939022,0.372,2.2181795733049512
0.3722,2.1394463093020022,0.3722,2.2207609917968512
0.3724,2.1458998555317521,0.3724,2.2155981548130512
0.3726,2.1407370185479522,0.3726,2.2155981548130512
0.3728,2.1394463093020022,0.3728,2.2207609917968512
0.373,2.1433184370398521,0.373,2.2194702825509012
0.3732,2.1381556000560522,0.3732,2.2130167363211513
0.3734,2.1433184370398521,0.3734,2.2104353178292513
0.3736,2.1355741815641522,0.3736,2.2130167363211513
0.3738,2.1368648908101022,0.3738,2.2181795733049512
0.374,2.1355741815641522,0.374,2.2130167363211513
0.3742,2.1304113445803523,0.3742,2.2117260270752013
0.3744,2.1342834723182023,0.3744,2.2091446085833013
0.3746,2.1342834723182023,0.3746,2.2065631900914013
0.3748,2.1329927630722523,0.3748,2.2065631900914013
0.375,2.1278299260884523,0.375,2.2039817715995014
0.3752,2.1278299260884523,0.3752,2.2052724808454514
0.3754,2.1239577983506024,0.3754,2.2078538993373513
0.3756,2.1252485075965524,0.3756,2.2052724808454514
0.3758,2.1252485075965524,0.3758,2.1936560976319015
0.376,2.1226670891046524,0.376,2.1975282253697515
0.3762,2.1226670891046524,0.3762,2.1936560976319015
0.3764,2.1162135428749025,0.3764,2.1923653883859515
0.3766,2.1187949613668025,0.3766,2.1910746791400015
0.3768,2.1123414151370525,0.3768,2.1897839698940516
0.377,2.1136321243830025,0.377,2.1884932606481016
0.3772,2.1097599966451526,0.3772,2.1910746791400015
0.3774,2.1123414151370525,0.3774,2.1859118421562016
0.3776,2.1097599966451526,0.3776,2.1910746791400015
0.3778,2.1084692873992026,0.3778,2.1846211329102516
0.378,2.1071785781532526,0.378,2.1846211329102516
0.3782,2.1058878689073026,0.3782,2.1859118421562016
0.3784,2.1058878689073026,0.3784,2.1872025514021516
0.3786,2.1058878689073026,0.3786,2.1781675866805017
0.3788,2.1007250319235027,0.3788,2.1833304236643016
0.379,2.1071785781532526,0.379,2.1820397144183517
0.3792,2.1045971596613526,0.3792,2.1833304236643016
0.3794,2.1020157411694527,0.3794,2.1781675866805017
0.3796,2.1033064504154027,0.3796,2.1820397144183517
0.3798,2.0994343226775527,0.3798,2.1781675866805017
0.38,2.0994343226775527,0.38,2.1833304236643016
0.3802,2.1007250319235027,0.3802,2.1859118421562016
0.3804,2.1045971596613526,0.3804,2.1807490051724017
0.3806,2.1007250319235027,0.3806,2.1768768774345517
0.3808,2.1045971596613526,0.3808,2.1820397144183517
0.381,2.1084692873992026,0.381,2.1807490051724017
0.3812,2.0994343226775527,0.3812,2.1781675866805017
0.3814,2.1007250319235027,0.3814,2.1807490051724017
0.3816,2.1058878689073026,0.3816,2.1794582959264517
0.3818,2.0981436134316027,0.3818,2.1768768774345517
0.382,2.1058878689073026,0.382,2.1884932606481016
0.3822,2.1058878689073026,0.3822,2.1833304236643016
0.3824,2.1058878689073026,0.3824,2.1872025514021516
0.3826,2.1110507058911026,0.3826,2.1820397144183517
0.3828,2.1136321243830025,0.3828,2.1872025514021516
0.383,2.1097599966451526,0.383,2.1897839698940516
0.3832,2.1084692873992026,0.3832,2.1846211329102516
0.3834,2.1097599966451526,0.3834,2.1872025514021516
0.3836,2.1110507058911026,0.3836,2.1936560976319015
0.3838,2.1162135428749025,0.3838,2.1884932606481016
0.384,2.1136321243830025,0.384,2.1923653883859515
0.3842,2.1162135428749025,0.3842,2.1949468068778515
0.3844,2.1110507058911026,0.3844,2.1949468068778515
0.3846,2.1162135428749025,0.3846,2.1975282253697515
0.3848,2.1162135428749025,0.3848,2.2001096438616514
0.385,2.1226670891046524,0.385,2.2026910623535514
0.3852,2.1252485075965524,0.3852,2.1975282253697515
0.3854,2.1226670891046524,0.3854,2.2014003531076014
0.3856,2.1278299260884523,0.3856,2.2065631900914013
0.3858,2.1278299260884523,0.3858,2.2065631900914013
0.386,2.1317020538263023,0.386,2.2078538993373513
0.3862,2.1329927630722523,0.3862,2.2117260270752013
0.3864,2.1329927630722523,0.3864,2.2104353178292513
0.3866,2.1355741815641522,0.3866,2.2130167363211513
0.3868,2.1355741815641522,0.3868,2.2155981548130512
0.387,2.1381556000560522,0.387,2.2155981548130512
0.3872,2.1381556000560522,0.3872,2.2207609917968512
0.3874,2.1407370185479522,0.3874,2.2155981548130512
0.3876,2.1381556000560522,0.3876,2.2168888640590012
0.3878,2.1368648908101022,0.3878,2.2181795733049512
0.388,2.1433184370398521,0.388,2.2155981548130512
0.3882,2.1407370185479522,0.3882,2.2246331195347011
0.3884,2.1484812740236521,0.3884,2.2233424102887511
0.3886,2.1433184370398521,0.3886,2.2233424102887511
0.3888,2.1446091462858021,0.3888,2.2207609917968512
0.389,2.1446091462858021,0.389,2.2272145380266011
0.3892,2.1458998555317521,0.3892,2.2207609917968512
0.3894,2.1420277277939022,0.3894,2.2259238287806511
0.3896,2.1471905647777021,0.3896,2.2246331195347011
0.3898,2.1484812740236521,0.3898,2.2272145380266011
0.39,2.1471905647777021,0.39,2.2285052472725511
0.3902,2.1484812740236521,0.3902,2.229795956518501
0.3904,2.152353401761502,0.3904,2.2246331195347011
0.3906,2.1497719832696021,0.3906,2.231086665764451
0.3908,2.1471905647777021,0.3908,2.2194702825509012
0.391,2.1471905647777021,0.391,2.2246331195347011
0.3912,2.1420277277939022,0.3912,2.2233424102887511
0.3914,2.1458998555317521,0.3914,2.2233424102887511
0.3916,2.1484812740236521,0.3916,2.2259238287806511
0.3918,2.1497719832696021,0.3918,2.2272145380266011
0.392,2.1446091462858021,0.392,2.2246331195347011
0.3922,2.1433184370398521,0.3922,2.2220517010428011
0.3924,2.1458998555317521,0.3924,2.2207609917968512
0.3926,2.1446091462858021,0.3926,2.2233424102887511
0.3928,2.1368648908101022,0.3928,2.2207609917968512
0.393,2.1420277277939022,0.393,2.2168888640590012
0.3932,2.1407370185479522,0.3932,2.2181795733049512
0.3934,2.1394463093020022,0.3934,2.2194702825509012
0.3936,2.1368648908101022,0.3936,2.2168888640590012
0.3938,2.1381556000560522,0.3938,2.2168888640590012
0.394,2.1368648908101022,0.394,2.2130167363211513
0.3942,2.1381556000560522,0.3942,2.2143074455671012
0.3944,2.1342834723182023,0.3944,2.2117260270752013
0.3946,2.1368648908101022,0.3946,2.2130167363211513
0.3948,2.1278299260884523,0.3948,2.2078538993373513
0.395,2.1291206353344023,0.395,2.2039817715995014
0.3952,2.1252485075965524,0.3952,2.2052724808454514
0.3954,2.1278299260884523,0.3954,2.2039817715995014
0.3956,2.1226670891046524,0.3956,2.1988189346157014
0.3958,2.1226670891046524,0.3958,2.2001096438616514
0.396,2.1239577983506024,0.396,2.1949468068778515
0.3962,2.1200856706127524,0.3962,2.1949468068778515
0.3964,2.1175042521208525,0.3964,2.1949468068778515
0.3966,2.1175042521208525,0.3966,2.1962375161238015
0.3968,2.1187949613668025,0.3968,2.1910746791400015
0.397,2.1136321243830025,0.397,2.1910746791400015
0.3972,2.1084692873992026,0.3972,2.1897839698940516
0.3974,2.1110507058911026,0.3974,2.1897839698940516
0.3976,2.1110507058911026,0.3976,2.1872025514021516
0.3978,2.1071785781532526,0.3978,2.1884932606481016
0.398,2.1149228336289525,0.398,2.1859118421562016
0.3982,2.1110507058911026,0.3982,2.1872025514021516
0.3984,2.1097599966451526,0.3984,2.1820397144183517
0.3986,2.1097599966451526,0.3986,2.1807490051724017
0.3988,2.1045971596613526,0.3988,2.1859118421562016
0.399,2.1045971596613526,0.399,2.1820397144183517
0.3992,2.1007250319235027,0.3992,2.1884932606481016
0.3994,2.0994343226775527,0.3994,2.1833304236643016
0.3996,2.1033064504154027,0.3996,2.1833304236643016
0.3998,2.1045971596613526,0.3998,2.1807490051724017
0.4,2.1020157411694527,0.4,2.1794582959264517
0.4002,2.0994343226775527,0.4002,2.1794582959264517
0.4004,2.1045971596613526,0.4004,2.1807490051724017
0.4006,2.1020157411694527,0.4006,2.1781675866805017
0.4008,2.1007250319235027,0.4008,2.1781675866805017
0.401,2.1045971596613526,0.401,2.1846211329102516
0.4012,2.0968529041856527,0.4012,2.1755861681886017
0.4014,2.1007250319235027,0.4014,2.1833304236643016
0.4016,2.1058878689073026,0.4016,2.1846211329102516
0.4018,2.1033064504154027,0.4018,2.1846211329102516
0.402,2.1033064504154027,0.402,2.1872025514021516
0.4022,2.1045971596613526,0.4022,2.1859118421562016
0.4024,2.1110507058911026,0.4024,2.1923653883859515
0.4026,2.1058878689073026,0.4026,2.1884932606481016
0.4028,2.1084692873992026,0.4028,2.1897839698940516
0.403,2.1123414151370525,0.403,2.1884932606481016
0.4032,2.1136321243830025,0.4032,2.1936560976319015
0.4034,2.1110507058911026,0.4034,2.1910746791400015
0.4036,2.1136321243830025,0.4036,2.1949468068778515
0.4038,2.1123414151370525,0.4038,2.1936560976319015
0.404,2.1123414151370525,0.404,2.1936560976319015
0.4042,2.1149228336289525,0.4042,2.1910746791400015
0.4044,2.1149228336289525,0.4044,2.1975282253697515
0.4046,2.1213763798587024,0.4046,2.2039817715995014
0.4048,2.1149228336289525,0.4048,2.1975282253697515
0.405,2.1291206353344023,0.405,2.1988189346157014
0.4052,2.1252485075965524,0.4052,2.2039817715995014
0.4054,2.1265392168425024,0.4054,2.2078538993373513
0.4056,2.1252485075965524,0.4056,2.2091446085833013
0.4058,2.1291206353344023,0.4058,2.2091446085833013
0.406,2.1304113445803523,0.406,2.2091446085833013
0.4062,2.1342834723182023,0.4062,2.2130167363211513
0.4064,2.1278299260884523,0.4064,2.2091446085833013
0.4066,2.1329927630722523,0.4066,2.2155981548130512
0.4068,2.1329927630722523,0.4068,2.2194702825509012
0.407,2.1355741815641522,0.407,2.2168888640590012
0.4072,2.1342834723182023,0.4072,2.2194702825509012
0.4074,2.1329927630722523,0.4074,2.2181795733049512
0.4076,2.1368648908101022,0.4076,2.2207609917968512
0.4078,2.1407370185479522,0.4078,2.2207609917968512
0.408,2.1420277277939022,0.408,2.2104353178292513
0.4082,2.1420277277939022,0.4082,2.2220517010428011
0.4084,2.1433184370398521,0.4084,2.2233424102887511
0.4086,2.1433184370398521,0.4086,2.2207609917968512
0.4088,2.1446091462858021,0.4088,2.2207609917968512
0.409,2.1458998555317521,0.409,2.2259238287806511
0.4092,2.1420277277939022,0.4092,2.2246331195347011
0.4094,2.152353401761502,0.4094,2.2272145380266011
0.4096,2.1446091462858021,0.4096,2.2259238287806511
0.4098,2.1458998555317521,0.4098,2.2272145380266011
0.41,2.1381556000560522,0.41,2.2272145380266011
0.4102,2.1471905647777021,0.4102,2.2272145380266011
0.4104,2.1471905647777021,0.4104,2.2272145380266011
0.4106,2.1458998555317521,0.4106,2.2246331195347011
0.4108,2.1484812740236521,0.4108,2.2285052472725511
0.411,2.151062692515552,0.411,2.2285052472725511
0.4112,2.151062692515552,0.4112,2.229795956518501
0.4114,2.151062692515552,0.4114,2.2259238287806511
0.4116,2.152353401761502,0.4116,2.231086665764451
0.4118,2.1484812740236521,0.4118,2.2259238287806511
0.412,2.1420277277939022,0.412,2.2207609917968512
0.4122,2.1484812740236521,0.4122,2.2194702825509012
0.4124,2.1471905647777021,0.4124,2.2220517010428011
0.4126,2.1407370185479522,0.4126,2.2207609917968512
0.4128,2.1381556000560522,0.4128,2.2194702825509012
0.413,2.1407370185479522,0.413,2.2194702825509012
0.4132,2.1394463093020022,0.4132,2.2168888640590012
0.4134,2.1381556000560522,0.4134,2.2143074455671012
0.4136,2.1407370185479522,0.4136,2.2194702825509012
0.4138,2.1368648908101022,0.4138,2.2155981548130512
0.414,2.1368648908101022,0.414,2.2130167363211513
0.4142,2.1368648908101022,0.4142,2.2143074455671012
0.4144,2.1317020538263023,0.4144,2.2155981548130512
0.4146,2.1342834723182023,0.4146,2.2143074455671012
0.4148,2.1252485075965524,0.4148,2.2078538993373513
0.415,2.1265392168425024,0.415,2.2039817715995014
0.4152,2.1304113445803523,0.4152,2.2014003531076014
0.4154,2.1291206353344023,0.4154,2.2026910623535514
0.4156,2.1252485075965524,0.4156,2.2001096438616514
0.4158,2.1226670891046524,0.4158,2.1962375161238015
0.416,2.1213763798587024,0.416,2.1949468068778515
0.4162,2.1136321243830025,0.4162,2.1962375161238015
0.4164,2.1162135428749025,0.4164,2.1923653883859515
0.4166,2.1123414151370525,0.4166,2.1962375161238015
0.4168,2.1110507058911026,0.4168,2.1949468068778515
0.417,2.1149228336289525,0.417,2.1923653883859515
0.4172,2.1071785781532526,0.4172,2.1884932606481016
0.4174,2.1136321243830025,0.4174,2.1846211329102516
0.4176,2.1097599966451526,0.4176,2.1962375161238015
0.4178,2.1097599966451526,0.4178,2.1872025514021516
0.418,2.1071785781532526,0.418,2.1910746791400015
0.4182,2.1084692873992026,0.4182,2.1884932606481016
0.4184,2.1058878689073026,0.4184,2.1846211329102516
0.4186,2.1033064504154027,0.4186,2.1859118421562016
0.4188,2.0994343226775527,0.4188,2.1884932606481016
0.419,2.1045971596613526,0.419,2.1820397144183517
0.4192,2.1071785781532526,0.4192,2.1820397144183517
0.4194,2.1058878689073026,0.4194,2.1794582959264517
0.4196,2.1007250319235027,0.4196,2.1820397144183517
0.4198,2.0981436134316027,0.4198,2.1781675866805017
0.42,2.1033064504154027,0.42,2.1807490051724017
0.4202,2.0994343226775527,0.4202,2.1846211329102516
0.4204,2.1007250319235027,0.4204,2.1820397144183517
0.4206,2.1033064504154027,0.4206,2.1781675866805017
0.4208,2.0981436134316027,0.4208,2.1820397144183517
0.421,2.1058878689073026,0.421,2.1833304236643016
0.4212,2.0981436134316027,0.4212,2.1820397144183517
0.4214,2.1058878689073026,0.4214,2.1768768774345517
0.4216,2.1045971596613526,0.4216,2.1833304236643016
0.4218,2.1045971596613526,0.4218,2.1833304236643016
0.422,2.1045971596613526,0.422,2.1833304236643016
0.4222,2.1097599966451526,0.4222,2.1859118421562016
0.4224,2.1097599966451526,0.4224,2.1859118421562016
0.4226,2.1097599966451526,0.4226,2.1859118421562016
0.4228,2.1071785781532526,0.4228,2.1923653883859515
0.423,2.1097599966451526,0.423,2.1884932606481016
0.4232,2.1110507058911026,0.4232,2.1846211329102516
0.4234,2.1097599966451526,0.4234,2.1910746791400015
0.4236,2.1110507058911026,0.4236,2.1923653883859515
0.4238,2.1149228336289525,0.4238,2.1897839698940516
0.424,2.1136321243830025,0.424,2.1936560976319015
0.4242,2.1162135428749025,0.4242,2.1910746791400015
0.4244,2.1123414151370525,0.4244,2.1975282253697515
0.4246,2.1213763798587024,0.4246,2.1975282253697515
0.4248,2.1200856706127524,0.4248,2.1975282253697515
0.425,2.1265392168425024,0.425,2.2091446085833013
0.4252,2.1226670891046524,0.4252,2.2052724808454514
0.4254,2.1252485075965524,0.4254,2.2078538993373513
0.4256,2.1213763798587024,0.4256,2.2039817715995014
0.4258,2.1265392168425024,0.4258,2.2091446085833013
0.426,2.1291206353344023,0.426,2.2078538993373513
0.4262,2.1291206353344023,0.4262,2.2091446085833013
0.4264,2.1278299260884523,0.4264,2.2104353178292513
0.4266,2.1329927630722523,0.4266,2.2117260270752013
0.4268,2.1355741815641522,0.4268,2.2143074455671012
0.427,2.1355741815641522,0.427,2.2155981548130512
0.4272,2.1381556000560522,0.4272,2.2181795733049512
0.4274,2.1355741815641522,0.4274,2.2207609917968512
0.4276,2.1368648908101022,0.4276,2.2181795733049512
0.4278,2.1342834723182023,0.4278,2.2181795733049512
0.428,2.1407370185479522,0.428,2.2181795733049512
0.4282,2.1433184370398521,0.4282,2.2194702825509012
0.4284,2.1420277277939022,0.4284,2.2233424102887511
0.4286,2.1458998555317521,0.4286,2.2233424102887511
0.4288,2.1433184370398521,0.4288,2.229795956518501
0.429,2.1458998555317521,0.429,2.2233424102887511
0.4292,2.1433184370398521,0.4292,2.2207609917968512
0.4294,2.1471905647777021,0.4294,2.2246331195347011
0.4296,2.1484812740236521,0.4296,2.2272145380266011
0.4298,2.1471905647777021,0.4298,2.2285052472725511
0.43,2.1458998555317521,0.43,2.229795956518501
0.4302,2.1433184370398521,0.4302,2.229795956518501
0.4304,2.1484812740236521,0.4304,2.2272145380266011
0.4306,2.1497719832696021,0.4306,2.229795956518501
0.4308,2.1497719832696021,0.4308,2.2272145380266011
0.431,2.1458998555317521,0.431,2.231086665764451
0.4312,2.1458998555317521,0.4312,2.2220517010428011
0.4314,2.151062692515552,0.4314,2.231086665764451
0.4316,2.1446091462858021,0.4316,2.2272145380266011
0.4318,2.1394463093020022,0.4318,2.2272145380266011
0.432,2.1446091462858021,0.432,2.2272145380266011
0.4322,2.1458998555317521,0.4322,2.2246331195347011
0.4324,2.1458998555317521,0.4324,2.2246331195347011
0.4326,2.1407370185479522,0.4326,2.2207609917968512
0.4328,2.1433184370398521,0.4328,2.2194702825509012
0.433,2.1407370185479522,0.433,2.2220517010428011
0.4332,2.1433184370398521,0.4332,2.2194702825509012
0.4334,2.1368648908101022,0.4334,2.2207609917968512
0.4336,2.1368648908101022,0.4336,2.2207609917968512
0.4338,2.1355741815641522,0.4338,2.2130167363211513
0.434,2.1368648908101022,0.434,2.2104353178292513
0.4342,2.1355741815641522,0.4342,2.2117260270752013
0.4344,2.1291206353344023,0.4344,2.2155981548130512
0.4346,2.1329927630722523,0.4346,2.2117260270752013
0.4348,2.1278299260884523,0.4348,2.2091446085833013
0.435,2.1239577983506024,0.435,2.2078538993373513
0.4352,2.1252485075965524,0.4352,2.2039817715995014
0.4354,2.1239577983506024,0.4354,2.2014003531076014
0.4356,2.1265392168425024,0.4356,2.2026910623535514
0.4358,2.1175042521208525,0.4358,2.2014003531076014
0.436,2.1175042521208525,0.436,2.1975282253697515
0.4362,2.1200856706127524,0.4362,2.2001096438616514
0.4364,2.1175042521208525,0.4364,2.1936560976319015
0.4366,2.1162135428749025,0.4366,2.1975282253697515
0.4368,2.1162135428749025,0.4368,2.2001096438616514
0.437,2.1110507058911026,0.437,2.1949468068778515
0.4372,2.1136321243830025,0.4372,2.1897839698940516
0.4374,2.1136321243830025,0.4374,2.1897839698940516
0.4376,2.1110507058911026,0.4376,2.1962375161238015
0.4378,2.1149228336289525,0.4378,2.1897839698940516
0.438,2.1123414151370525,0.438,2.1846211329102516
0.4382,2.1097599966451526,0.4382,2.1833304236643016
0.4384,2.1123414151370525,0.4384,2.1846211329102516
0.4386,2.1045971596613526,0.4386,2.1820397144183517
0.4388,2.1110507058911026,0.4388,2.1833304236643016
0.439,2.1007250319235027,0.439,2.1846211329102516
0.4392,2.1020157411694527,0.4392,2.1846211329102516
0.4394,2.1033064504154027,0.4394,2.1807490051724017
0.4396,2.1020157411694527,0.4396,2.1846211329102516
0.4398,2.1033064504154027,0.4398,2.1794582959264517
0.44,2.0994343226775527,0.44,2.1781675866805017
0.4402,2.0981436134316027,0.4402,2.1859118421562016
0.4404,2.1033064504154027,0.4404,2.1768768774345517
0.4406,2.1020157411694527,0.4406,2.1794582959264517
0.4408,2.1033064504154027,0.4408,2.1768768774345517
0.441,2.1007250319235027,0.441,2.1794582959264517
0.4412,2.1020157411694527,0.4412,2.1755861681886017
0.4414,2.1020157411694527,0.4414,2.1820397144183517
0.4416,2.1045971596613526,0.4416,2.1781675866805017
0.4418,2.1097599966451526,0.4418,2.1846211329102516
0.442,2.1058878689073026,0.442,2.1833304236643016
0.4422,2.1071785781532526,0.4422,2.1859118421562016
0.4424,2.1123414151370525,0.4424,2.1884932606481016
0.4426,2.1097599966451526,0.4426,2.1859118421562016
0.4428,2.1071785781532526,0.4428,2.1872025514021516
0.443,2.1084692873992026,0.443,2.1872025514021516
0.4432,2.1123414151370525,0.4432,2.1910746791400015
0.4434,2.1084692873992026,0.4434,2.1910746791400015
0.4436,2.1123414151370525,0.4436,2.1872025514021516
0.4438,2.1110507058911026,0.4438,2.1936560976319015
0.444,2.1175042521208525,0.444,2.1923653883859515
0.4442,2.1162135428749025,0.4442,2.1988189346157014
0.4444,2.1136321243830025,0.4444,2.1975282253697515
0.4446,2.1213763798587024,0.4446,2.1975282253697515
0.4448,2.1175042521208525,0.4448,2.2014003531076014
0.445,2.1200856706127524,0.445,2.2026910623535514
0.4452,2.1239577983506024,0.4452,2.2026910623535514
0.4454,2.1265392168425024,0.4454,2.2026910623535514
0.4456,2.1252485075965524,0.4456,2.2091446085833013
0.4458,2.1239577983506024,0.4458,2.2039817715995014
0.446,2.1252485075965524,0.446,2.2026910623535514
0.4462,2.1317020538263023,0.4462,2.2091446085833013
0.4464,2.1329927630722523,0.4464,2.2155981548130512
0.4466,2.1342834723182023,0.4466,2.2104353178292513
0.4468,2.1304113445803523,0.4468,2.2168888640590012
0.447,2.1329927630722523,0.447,2.2181795733049512
0.4472,2.1394463093020022,0.4472,2.2194702825509012
0.4474,2.1394463093020022,0.4474,2.2181795733049512
0.4476,2.1420277277939022,0.4476,2.2181795733049512
0.4478,2.1420277277939022,0.4478,2.2155981548130512
0.448,2.1407370185479522,0.448,2.2194702825509012
0.4482,2.1420277277939022,0.4482,2.2207609917968512
0.4484,2.1433184370398521,0.4484,2.2233424102887511
0.4486,2.1407370185479522,0.4486,2.2233424102887511
0.4488,2.1420277277939022,0.4488,2.2259238287806511
0.449,2.1433184370398521,0.449,2.2272145380266011
0.4492,2.1458998555317521,0.4492,2.2272145380266011
0.4494,2.1458998555317521,0.4494,2.2259238287806511
0.4496,2.1446091462858021,0.4496,2.2246331195347011
0.4498,2.151062692515552,0.4498,2.2233424102887511
0.45,2.1471905647777021,0.45,2.229795956518501
0.4502,2.151062692515552,0.4502,2.2272145380266011
0.4504,2.151062692515552,0.4504,2.2259238287806511
0.4506,2.153644111007452,0.4506,2.2233424102887511
0.4508,2.1471905647777021,0.4508,2.2285052472725511
0.451,2.1471905647777021,0.451,2.2220517010428011
0.4512,2.1484812740236521,0.4512,2.2272145380266011
0.4514,2.1484812740236521,0.4514,2.2246331195347011
0.4516,2.1471905647777021,0.4516,2.2259238287806511
0.4518,2.1471905647777021,0.4518,2.2220517010428011
0.452,2.1446091462858021,0.452,2.2194702825509012
0.4522,2.1433184370398521,0.4522,2.2233424102887511
0.4524,2.1471905647777021,0.4524,2.2220517010428011
0.4526,2.1471905647777021,0.4526,2.2194702825509012
0.4528,2.1420277277939022,0.4528,2.2233424102887511
0.453,2.1368648908101022,0.453,2.2220517010428011
0.4532,2.1407370185479522,0.4532,2.2181795733049512
0.4534,2.1368648908101022,0.4534,2.2155981548130512
0.4536,2.1355741815641522,0.4536,2.2143074455671012
0.4538,2.1317020538263023,0.4538,2.2143074455671012
0.454,2.1329927630722523,0.454,2.2130167363211513
0.4542,2.1342834723182023,0.4542,2.2117260270752013
0.4544,2.1304113445803523,0.4544,2.2104353178292513
0.4546,2.1368648908101022,0.4546,2.2078538993373513
0.4548,2.1304113445803523,0.4548,2.2117260270752013
0.455,2.1291206353344023,0.455,2.2065631900914013
0.4552,2.1265392168425024,0.4552,2.2052724808454514
0.4554,2.1265392168425024,0.4554,2.2039817715995014
0.4556,2.1213763798587024,0.4556,2.1975282253697515
0.4558,2.1226670891046524,0.4558,2.2026910623535514
0.456,2.1252485075965524,0.456,2.1988189346157014
0.4562,2.1200856706127524,0.4562,2.1949468068778515
0.4564,2.1175042521208525,0.4564,2.1975282253697515
0.4566,2.1200856706127524,0.4566,2.1936560976319015
0.4568,2.1136321243830025,0.4568,2.1910746791400015
0.457,2.1097599966451526,0.457,2.1897839698940516
0.4572,2.1149228336289525,0.4572,2.1884932606481016
0.4574,2.1149228336289525,0.4574,2.1872025514021516
0.4576,2.1097599966451526,0.4576,2.1872025514021516
0.4578,2.1071785781532526,0.4578,2.1884932606481016
0.458,2.1071785781532526,0.458,2.1833304236643016
0.4582,2.1071785781532526,0.4582,2.1859118421562016
0.4584,2.1045971596613526,0.4584,2.1846211329102516
0.4586,2.1045971596613526,0.4586,2.1846211329102516
0.4588,2.1071785781532526,0.4588,2.1820397144183517
0.459,2.1084692873992026,0.459,2.1833304236643016
0.4592,2.1097599966451526,0.4592,2.1794582959264517
0.4594,2.1110507058911026,0.4594,2.1820397144183517
0.4596,2.1045971596613526,0.4596,2.1820397144183517
0.4598,2.1033064504154027,0.4598,2.1807490051724017
0.46,2.1007250319235027,0.46,2.1781675866805017
0.4602,2.1045971596613526,0.4602,2.1846211329102516
0.4604,2.1084692873992026,0.4604,2.1859118421562016
0.4606,2.1033064504154027,0.4606,2.1833304236643016
0.4608,2.1020157411694527,0.4608,2.1807490051724017
0.461,2.1020157411694527,0.461,2.1820397144183517
0.4612,2.1020157411694527,0.4612,2.1794582959264517
0.4614,2.1071785781532526,0.4614,2.1884932606481016
0.4616,2.1007250319235027,0.4616,2.1833304236643016
0.4618,2.1058878689073026,0.4618,2.1833304236643016
0.462,2.0994343226775527,0.462,2.1768768774345517
0.4622,2.1084692873992026,0.4622,2.1846211329102516
0.4624,2.1084692873992026,0.4624,2.1910746791400015
0.4626,2.1110507058911026,0.4626,2.1910746791400015
0.4628,2.1136321243830025,0.4628,2.1859118421562016
0.463,2.1097599966451526,0.463,2.1910746791400015
0.4632,2.1097599966451526,0.4632,2.1884932606481016
0.4634,2.1136321243830025,0.4634,2.1859118421562016
0.4636,2.1097599966451526,0.4636,2.1910746791400015
0.4638,2.1187949613668025,0.4638,2.1975282253697515
0.464,2.1187949613668025,0.464,2.1975282253697515
0.4642,2.1136321243830025,0.4642,2.1936560976319015
0.4644,2.1136321243830025,0.4644,2.1975282253697515
0.4646,2.1162135428749025,0.4646,2.2001096438616514
0.4648,2.1187949613668025,0.4648,2.2052724808454514
0.465,2.1278299260884523,0.465,2.2014003531076014
0.4652,2.1175042521208525,0.4652,2.2052724808454514
0.4654,2.1239577983506024,0.4654,2.1988189346157014
0.4656,2.1278299260884523,0.4656,2.2078538993373513
0.4658,2.1291206353344023,0.4658,2.2104353178292513
0.466,2.1291206353344023,0.466,2.2091446085833013
0.4662,2.1265392168425024,0.4662,2.2117260270752013
0.4664,2.1329927630722523,0.4664,2.2078538993373513
0.4666,2.1381556000560522,0.4666,2.2130167363211513
0.4668,2.1381556000560522,0.4668,2.2143074455671012
0.467,2.1381556000560522,0.467,2.2194702825509012
0.4672,2.1407370185479522,0.4672,2.2181795733049512
0.4674,2.1394463093020022,0.4674,2.2181795733049512
0.4676,2.1368648908101022,0.4676,2.2168888640590012
0.4678,2.1368648908101022,0.4678,2.2194702825509012
0.468,2.1420277277939022,0.468,2.2168888640590012
0.4682,2.1407370185479522,0.4682,2.2220517010428011
0.4684,2.1433184370398521,0.4684,2.2220517010428011
0.4686,2.151062692515552,0.4686,2.2246331195347011
0.4688,2.1458998555317521,0.4688,2.2233424102887511
0.469,2.1458998555317521,0.469,2.2207609917968512
0.4692,2.1446091462858021,0.4692,2.2246331195347011
0.4694,2.153644111007452,0.4694,2.231086665764451
0.4696,2.1471905647777021,0.4696,2.2259238287806511
0.4698,2.151062692515552,0.4698,2.231086665764451
0.47,2.1497719832696021,0.47,2.2272145380266011
0.4702,2.1446091462858021,0.4702,2.231086665764451
0.4704,2.153644111007452,0.4704,2.2285052472725511
0.4706,2.1458998555317521,0.4706,2.229795956518501
0.4708,2.1471905647777021,0.4708,2.2272145380266011
0.471,2.1484812740236521,0.471,2.2220517010428011
0.4712,2.153644111007452,0.4712,2.229795956518501
0.4714,2.1458998555317521,0.4714,2.232377375010401
0.4716,2.1497719832696021,0.4716,2.2194702825509012
0.4718,2.1484812740236521,0.4718,2.2285052472725511
0.472,2.1484812740236521,0.472,2.2272145380266011
0.4722,2.1458998555317521,0.4722,2.2220517010428011
0.4724,2.1407370185479522,0.4724,2.2220517010428011
0.4726,2.1394463093020022,0.4726,2.2181795733049512
0.4728,2.1433184370398521,0.4728,2.2207609917968512
0.473,2.1407370185479522,0.473,2.2259238287806511
0.4732,2.1446091462858021,0.4732,2.2155981548130512
0.4734,2.1420277277939022,0.4734,2.2207609917968512
0.4736,2.1368648908101022,0.4736,2.2194702825509012
0.4738,2.1407370185479522,0.4738,2.2130167363211513
0.474,2.1342834723182023,0.474,2.2143074455671012
0.4742,2.1317020538263023,0.4742,2.2130167363211513
0.4744,2.1342834723182023,0.4744,2.2155981548130512
0.4746,2.1381556000560522,0.4746,2.2130167363211513
0.4748,2.1304113445803523,0.4748,2.2091446085833013
0.475,2.1317020538263023,0.475,2.2052724808454514
0.4752,2.1252485075965524,0.4752,2.2014003531076014
0.4754,2.1265392168425024,0.4754,2.2026910623535514
0.4756,2.1239577983506024,0.4756,2.2014003531076014
0.4758,2.1226670891046524,0.4758,2.2026910623535514
0.476,2.1213763798587024,0.476,2.2026910623535514
0.4762,2.1200856706127524,0.4762,2.1988189346157014
0.4764,2.1175042521208525,0.4764,2.2001096438616514
0.4766,2.1187949613668025,0.4766,2.1962375161238015
0.4768,2.1162135428749025,0.4768,2.1923653883859515
0.477,2.1110507058911026,0.477,2.1910746791400015
0.4772,2.1084692873992026,0.4772,2.1923653883859515
0.4774,2.1097599966451526,0.4774,2.1884932606481016
0.4776,2.1084692873992026,0.4776,2.1884932606481016
0.4778,2.1110507058911026,0.4778,2.1910746791400015
0.478,2.1123414151370525,0.478,2.1833304236643016
0.4782,2.1071785781532526,0.4782,2.1872025514021516
0.4784,2.1045971596613526,0.4784,2.1846211329102516
0.4786,2.1045971596613526,0.4786,2.1820397144183517
0.4788,2.1058878689073026,0.4788,2.1833304236643016
0.479,2.1110507058911026,0.479,2.1859118421562016
0.4792,2.1020157411694527,0.4792,2.1820397144183517
0.4794,2.1020157411694527,0.4794,2.1807490051724017
0.4796,2.1033064504154027,0.4796,2.1859118421562016
0.4798,2.1020157411694527,0.4798,2.1781675866805017
0.48,2.1020157411694527,0.48,2.1781675866805017
0.4802,2.1007250319235027,0.4802,2.1820397144183517
0.4804,2.1020157411694527,0.4804,2.1884932606481016
0.4806,2.0994343226775527,0.4806,2.1846211329102516
0.4808,2.1033064504154027,0.4808,2.1794582959264517
0.481,2.1033064504154027,0.481,2.1833304236643016
0.4812,2.1020157411694527,0.4812,2.1794582959264517
0.4814,2.1071785781532526,0.4814,2.1820397144183517
0.4816,2.1007250319235027,0.4816,2.1807490051724017
0.4818,2.1033064504154027,0.4818,2.1872025514021516
0.482,2.1045971596613526,0.482,2.1859118421562016
0.4822,2.1058878689073026,0.4822,2.1872025514021516
0.4824,2.1045971596613526,0.4824,2.1910746791400015
0.4826,2.1071785781532526,0.4826,2.1884932606481016
0.4828,2.1007250319235027,0.4828,2.1923653883859515
0.483,2.1071785781532526,0.483,2.1859118421562016
0.4832,2.1071785781532526,0.4832,2.1910746791400015
0.4834,2.1123414151370525,0.4834,2.1949468068778515
0.4836,2.1097599966451526,0.4836,2.1923653883859515
0.4838,2.1084692873992026,0.4838,2.1975282253697515
0.484,2.1110507058911026,0.484,2.1910746791400015
0.4842,2.1162135428749025,0.4842,2.1962375161238015
0.4844,2.1175042521208525,0.4844,2.2014003531076014
0.4846,2.1149228336289525,0.4846,2.1975282253697515
0.4848,2.1200856706127524,0.4848,2.2001096438616514
0.485,2.1162135428749025,0.485,2.2039817715995014
0.4852,2.1239577983506024,0.4852,2.2052724808454514
0.4854,2.1265392168425024,0.4854,2.2026910623535514
0.4856,2.1265392168425024,0.4856,2.2130167363211513
0.4858,2.1252485075965524,0.4858,2.2104353178292513
0.486,2.1252485075965524,0.486,2.2130167363211513
0.4862,2.1278299260884523,0.4862,2.2130167363211513
0.4864,2.1278299260884523,0.4864,2.2104353178292513
0.4866,2.1317020538263023,0.4866,2.2130167363211513
0.4868,2.1317020538263023,0.4868,2.2181795733049512
0.487,2.1368648908101022,0.487,2.2130167363211513
0.4872,2.1342834723182023,0.4872,2.2155981548130512
0.4874,2.1394463093020022,0.4874,2.2155981548130512
0.4876,2.1407370185479522,0.4876,2.2181795733049512
0.4878,2.1381556000560522,0.4878,2.2207609917968512
0.488,2.1394463093020022,0.488,2.2155981548130512
0.4882,2.1381556000560522,0.4882,2.2194702825509012
0.4884,2.1446091462858021,0.4884,2.2233424102887511
0.4886,2.1420277277939022,0.4886,2.2220517010428011
0.4888,2.1407370185479522,0.4888,2.2246331195347011
0.489,2.1471905647777021,0.489,2.2259238287806511
0.4892,2.1446091462858021,0.4892,2.2246331195347011
0.4894,2.1433184370398521,0.4894,2.2220517010428011
0.4896,2.1446091462858021,0.4896,2.2285052472725511
0.4898,2.1497719832696021,0.4898,2.2233424102887511
0.49,2.151062692515552,0.49,2.2285052472725511
0.4902,2.1407370185479522,0.4902,2.231086665764451
0.4904,2.1446091462858021,0.4904,2.2285052472725511
0.4906,2.151062692515552,0.4906,2.2246331195347011
0.4908,2.152353401761502,0.4908,2.2246331195347011
0.491,2.1458998555317521,0.491,2.2285052472725511
0.4912,2.1458998555317521,0.4912,2.2259238287806511
0.4914,2.1458998555317521,0.4914,2.229795956518501
0.4916,2.1471905647777021,0.4916,2.2259238287806511
0.4918,2.1446091462858021,0.4918,2.2272145380266011
0.492,2.1420277277939022,0.492,2.2246331195347011
0.4922,2.1458998555317521,0.4922,2.2207609917968512
0.4924,2.1394463093020022,0.4924,2.2233424102887511
0.4926,2.1394463093020022,0.4926,2.2233424102887511
0.4928,2.1394463093020022,0.4928,2.2233424102887511
0.493,2.1394463093020022,0.493,2.2220517010428011
0.4932,2.1394463093020022,0.4932,2.2155981548130512
0.4934,2.1355741815641522,0.4934,2.2117260270752013
0.4936,2.1342834723182023,0.4936,2.2155981548130512
0.4938,2.1381556000560522,0.4938,2.2168888640590012
0.494,2.1317020538263023,0.494,2.2181795733049512
0.4942,2.1368648908101022,0.4942,2.2130167363211513
0.4944,2.1355741815641522,0.4944,2.2143074455671012
0.4946,2.1368648908101022,0.4946,2.2104353178292513
0.4948,2.1291206353344023,0.4948,2.2091446085833013
0.495,2.1291206353344023,0.495,2.2078538993373513
0.4952,2.1252485075965524,0.4952,2.2026910623535514
0.4954,2.1239577983506024,0.4954,2.2026910623535514
0.4956,2.1252485075965524,0.4956,2.2001096438616514
0.4958,2.1239577983506024,0.4958,2.1988189346157014
0.496,2.1200856706127524,0.496,2.1910746791400015
0.4962,2.1175042521208525,0.4962,2.1962375161238015
0.4964,2.1162135428749025,0.4964,2.2014003531076014
0.4966,2.1149228336289525,0.4966,2.1897839698940516
0.4968,2.1162135428749025,0.4968,2.1897839698940516
0.497,2.1097599966451526,0.497,2.1949468068778515
0.4972,2.1187949613668025,0.4972,2.1975282253697515
0.4974,2.1071785781532526,0.4974,2.1872025514021516
0.4976,2.1084692873992026,0.4976,2.1923653883859515
0.4978,2.1045971596613526,0.4978,2.1897839698940516
0.498,2.1071785781532526,0.498,2.1897839698940516
0.4982,2.1084692873992026,0.4982,2.1859118421562016
0.4984,2.1110507058911026,0.4984,2.1820397144183517
0.4986,2.1058878689073026,0.4986,2.1768768774345517
0.4988,2.1071785781532526,0.4988,2.1820397144183517
0.499,2.1071785781532526,0.499,2.1820397144183517
0.4992,2.1058878689073026,0.4992,2.1820397144183517
0.4994,2.1071785781532526,0.4994,2.1846211329102516
0.4996,2.1033064504154027,0.4996,2.1781675866805017
0.4998,2.1045971596613526,0.4998,2.1807490051724017
0.5,2.0994343226775527,0.5,2.1807490051724017
0.5002,2.0994343226775527,0.5002,2.1846211329102516
0.5004,2.0981436134316027,0.5004,2.1833304236643016
0.5006,2.0994343226775527,0.5006,2.1794582959264517
0.5008,2.0994343226775527,0.5008,2.1781675866805017
0.501,2.1007250319235027,0.501,2.1820397144183517
0.5012,2.1045971596613526,0.5012,2.1807490051724017
0.5014,2.1020157411694527,0.5014,2.1833304236643016
0.5016,2.1058878689073026,0.5016,2.1794582959264517
0.5018,2.0994343226775527,0.5018,2.1872025514021516
0.502,2.1084692873992026,0.502,2.1768768774345517
0.5022,2.1084692873992026,0.5022,2.1833304236643016
0.5024,2.1084692873992026,0.5024,2.1833304236643016
0.5026,2.1097599966451526,0.5026,2.1859118421562016
0.5028,2.1084692873992026,0.5028,2.1897839698940516
0.503,2.1110507058911026,0.503,2.1884932606481016
0.5032,2.1071785781532526,0.5032,2.1897839698940516
0.5034,2.1071785781532526,0.5034,2.1910746791400015
0.5036,2.1097599966451526,0.5036,2.1897839698940516
0.5038,2.1187949613668025,0.5038,2.1936560976319015
0.504,2.1123414151370525,0.504,2.1897839698940516
0.5042,2.1162135428749025,0.5042,2.1923653883859515
0.5044,2.1175042521208525,0.5044,2.1949468068778515
0.5046,2.1175042521208525,0.5046,2.1936560976319015
0.5048,2.1200856706127524,0.5048,2.1975282253697515
0.505,2.1213763798587024,0.505,2.2014003531076014
0.5052,2.1213763798587024,0.5052,2.2014003531076014
0.5054,2.1265392168425024,0.5054,2.2014003531076014
0.5056,2.1239577983506024,0.5056,2.2039817715995014
0.5058,2.1265392168425024,0.5058,2.2026910623535514
0.506,2.1278299260884523,0.506,2.2065631900914013
0.5062,2.1304113445803523,0.5062,2.2155981548130512
0.5064,2.1342834723182023,0.5064,2.2130167363211513
0.5066,2.1355741815641522,0.5066,2.2143074455671012
0.5068,2.1355741815641522,0.5068,2.2117260270752013
0.507,2.1368648908101022,0.507,2.2143074455671012
0.5072,2.1368648908101022,0.5072,2.2168888640590012
0.5074,2.1394463093020022,0.5074,2.2207609917968512
0.5076,2.1381556000560522,0.5076,2.2143074455671012
0.5078,2.1381556000560522,0.5078,2.2207609917968512
0.508,2.1394463093020022,0.508,2.2233424102887511
0.5082,2.1381556000560522,0.5082,2.2259238287806511
0.5084,2.1446091462858021,0.5084,2.2259238287806511
0.5086,2.1471905647777021,0.5086,2.2220517010428011
0.5088,2.1471905647777021,0.5088,2.2207609917968512
0.509,2.1458998555317521,0.509,2.2168888640590012
0.5092,2.1458998555317521,0.5092,2.2194702825509012
0.5094,2.1446091462858021,0.5094,2.2220517010428011
0.5096,2.1407370185479522,0.5096,2.2272145380266011
0.5098,2.1497719832696021,0.5098,2.2285052472725511
0.51,2.1484812740236521,0.51,2.229795956518501
0.5102,2.152353401761502,0.5102,2.2246331195347011
0.5104,2.151062692515552,0.5104,2.2246331195347011
0.5106,2.1471905647777021,0.5106,2.2220517010428011
0.5108,2.152353401761502,0.5108,2.2259238287806511
0.511,2.1497719832696021,0.511,2.2246331195347011
0.5112,2.1458998555317521,0.5112,2.2246331195347011
0.5114,2.1433184370398521,0.5114,2.2207609917968512
0.5116,2.1446091462858021,0.5116,2.2259238287806511
0.5118,2.1458998555317521,0.5118,2.2207609917968512
0.512,2.1433184370398521,0.512,2.2168888640590012
0.5122,2.1433184370398521,0.5122,2.2181795733049512
0.5124,2.1368648908101022,0.5124,2.2194702825509012
0.5126,2.1458998555317521,0.5126,2.2246331195347011
0.5128,2.1446091462858021,0.5128,2.2181795733049512
0.513,2.1381556000560522,0.513,2.2168888640590012
0.5132,2.1407370185479522,0.5132,2.2168888640590012
0.5134,2.1420277277939022,0.5134,2.2143074455671012
0.5136,2.1394463093020022,0.5136,2.2168888640590012
0.5138,2.1355741815641522,0.5138,2.2168888640590012
0.514,2.1355741815641522,0.514,2.2130167363211513
0.5142,2.1304113445803523,0.5142,2.2130167363211513
0.5144,2.1317020538263023,0.5144,2.2091446085833013
0.5146,2.1368648908101022,0.5146,2.2091446085833013
0.5148,2.1291206353344023,0.5148,2.2065631900914013
0.515,2.1278299260884523,0.515,2.2026910623535514
0.5152,2.1252485075965524,0.5152,2.1988189346157014
0.5154,2.1239577983506024,0.5154,2.1988189346157014
0.5156,2.1200856706127524,0.5156,2.2001096438616514
0.5158,2.1226670891046524,0.5158,2.2026910623535514
0.516,2.1187949613668025,0.516,2.1962375161238015
0.5162,2.1175042521208525,0.5162,2.1962375161238015
0.5164,2.1149228336289525,0.5164,2.1936560976319015
0.5166,2.1175042521208525,0.5166,2.1923653883859515
0.5168,2.1136321243830025,0.5168,2.1936560976319015
0.517,2.1110507058911026,0.517,2.1936560976319015
0.5172,2.1084692873992026,0.5172,2.1884932606481016
0.5174,2.1136321243830025,0.5174,2.1846211329102516
0.5176,2.1084692873992026,0.5176,2.1884932606481016
0.5178,2.1149228336289525,0.5178,2.1949468068778515
0.518,2.1084692873992026,0.518,2.1884932606481016
0.5182,2.1097599966451526,0.5182,2.1846211329102516
0.5184,2.1084692873992026,0.5184,2.1910746791400015
0.5186,2.1045971596613526,0.5186,2.1807490051724017
0.5188,2.1058878689073026,0.5188,2.1807490051724017
0.519,2.1033064504154027,0.519,2.1781675866805017
0.5192,2.1045971596613526,0.5192,2.1846211329102516
0.5194,2.1045971596613526,0.5194,2.1820397144183517
0.5196,2.1033064504154027,0.5196,2.1833304236643016
0.5198,2.1020157411694527,0.5198,2.1781675866805017
0.52,2.1045971596613526,0.52,2.1807490051724017
0.5202,2.0994343226775527,0.5202,2.1794582959264517
0.5204,2.1045971596613526,0.5204,2.1781675866805017
0.5206,2.0994343226775527,0.5206,2.1781675866805017
0.5208,2.1020157411694527,0.5208,2.1794582959264517
0.521,2.1084692873992026,0.521,2.1781675866805017
0.5212,2.1045971596613526,0.5212,2.1768768774345517
0.5214,2.1033064504154027,0.5214,2.1820397144183517
0.5216,2.1033064504154027,0.5216,2.1768768774345517
0.5218,2.0994343226775527,0.5218,2.1833304236643016
0.522,2.1058878689073026,0.522,2.1859118421562016
0.5222,2.1071785781532526,0.5222,2.1833304236643016
0.5224,2.1084692873992026,0.5224,2.1807490051724017
0.5226,2.1058878689073026,0.5226,2.1859118421562016
0.5228,2.1149228336289525,0.5228,2.1872025514021516
0.523,2.1110507058911026,0.523,2.1820397144183517
0.5232,2.1136321243830025,0.5232,2.1910746791400015
0.5234,2.1162135428749025,0.5234,2.1859118421562016
0.5236,2.1175042521208525,0.5236,2.1962375161238015
0.5238,2.1149228336289525,0.5238,2.1936560976319015
0.524,2.1123414151370525,0.524,2.1923653883859515
0.5242,2.1175042521208525,0.5242,2.1949468068778515
0.5244,2.1123414151370525,0.5244,2.1988189346157014
0.5246,2.1162135428749025,0.5246,2.1988189346157014
0.5248,2.1200856706127524,0.5248,2.1949468068778515
0.525,2.1213763798587024,0.525,2.2014003531076014
0.5252,2.1200856706127524,0.5252,2.2039817715995014
0.5254,2.1226670891046524,0.5254,2.2091446085833013
0.5256,2.1239577983506024,0.5256,2.2104353178292513
0.5258,2.1265392168425024,0.5258,2.2065631900914013
0.526,2.1317020538263023,0.526,2.2117260270752013
0.5262,2.1317020538263023,0.5262,2.2104353178292513
0.5264,2.1342834723182023,0.5264,2.2130167363211513
0.5266,2.1317020538263023,0.5266,2.2143074455671012
0.5268,2.1329927630722523,0.5268,2.2143074455671012
0.527,2.1381556000560522,0.527,2.2181795733049512
0.5272,2.1394463093020022,0.5272,2.2155981548130512
0.5274,2.1368648908101022,0.5274,2.2143074455671012
0.5276,2.1407370185479522,0.5276,2.2233424102887511
0.5278,2.1420277277939022,0.5278,2.2194702825509012
0.528,2.1446091462858021,0.528,2.2207609917968512
0.5282,2.1381556000560522,0.5282,2.2246331195347011
0.5284,2.1381556000560522,0.5284,2.2259238287806511
0.5286,2.1446091462858021,0.5286,2.2259238287806511
0.5288,2.1471905647777021,0.5288,2.2220517010428011
0.529,2.1420277277939022,0.529,2.2259238287806511
0.5292,2.1446091462858021,0.5292,2.2259238287806511
0.5294,2.1407370185479522,0.5294,2.229795956518501
0.5296,2.151062692515552,0.5296,2.2285052472725511
0.5298,2.1433184370398521,0.5298,2.2233424102887511
0.53,2.1497719832696021,0.53,2.2272145380266011
0.5302,2.1471905647777021,0.5302,2.2259238287806511
0.5304,2.1484812740236521,0.5304,2.2272145380266011
0.5306,2.1497719832696021,0.5306,2.2285052472725511
0.5308,2.1458998555317521,0.5308,2.2272145380266011
0.531,2.151062692515552,0.531,2.2246331195347011
0.5312,2.1446091462858021,0.5312,2.2233424102887511
0.5314,2.154934820253402,0.5314,2.229795956518501
0.5316,2.1497719832696021,0.5316,2.229795956518501
0.5318,2.1458998555317521,0.5318,2.2246331195347011
0.532,2.151062692515552,0.532,2.2285052472725511
0.5322,2.1484812740236521,0.5322,2.2194702825509012
0.5324,2.1471905647777021,0.5324,2.2181795733049512
0.5326,2.1446091462858021,0.5326,2.2207609917968512
0.5328,2.1433184370398521,0.5328,2.2207609917968512
0.533,2.1433184370398521,0.533,2.2143074455671012
0.5332,2.1407370185479522,0.5332,2.2194702825509012
0.5334,2.1394463093020022,0.5334,2.2181795733049512
0.5336,2.1394463093020022,0.5336,2.2168888640590012
0.5338,2.1381556000560522,0.5338,2.2168888640590012
0.534,2.1355741815641522,0.534,2.2155981548130512
0.5342,2.1368648908101022,0.5342,2.2130167363211513
0.5344,2.1304113445803523,0.5344,2.2104353178292513
0.5346,2.1317020538263023,0.5346,2.2155981548130512
0.5348,2.1304113445803523,0.5348,2.2130167363211513
0.535,2.1278299260884523,0.535,2.2039817715995014
0.5352,2.1265392168425024,0.5352,2.2014003531076014
0.5354,2.1304113445803523,0.5354,2.2026910623535514
0.5356,2.1265392168425024,0.5356,2.1988189346157014
0.5358,2.1200856706127524,0.5358,2.1988189346157014
0.536,2.1213763798587024,0.536,2.1975282253697515
0.5362,2.1175042521208525,0.5362,2.1936560976319015
0.5364,2.1175042521208525,0.5364,2.1949468068778515
0.5366,2.1175042521208525,0.5366,2.1962375161238015
0.5368,2.1149228336289525,0.5368,2.1923653883859515
0.537,2.1162135428749025,0.537,2.1936560976319015
0.5372,2.1162135428749025,0.5372,2.1884932606481016
0.5374,2.1097599966451526,0.5374,2.1897839698940516
0.5376,2.1110507058911026,0.5376,2.1936560976319015
0.5378,2.1110507058911026,0.5378,2.1910746791400015
0.538,2.1123414151370525,0.538,2.1846211329102516
0.5382,2.1123414151370525,0.5382,2.1859118421562016
0.5384,2.1136321243830025,0.5384,2.1781675866805017
0.5386,2.1058878689073026,0.5386,2.1820397144183517
0.5388,2.1033064504154027,0.5388,2.1820397144183517
0.539,2.1033064504154027,0.539,2.1859118421562016
0.5392,2.1058878689073026,0.5392,2.1781675866805017
0.5394,2.1033064504154027,0.5394,2.1846211329102516
0.5396,2.1033064504154027,0.5396,2.1807490051724017
0.5398,2.1020157411694527,0.5398,2.1807490051724017
0.54,2.1058878689073026,0.54,2.1833304236643016
0.5402,2.1058878689073026,0.5402,2.1794582959264517
0.5404,2.1020157411694527,0.5404,2.1807490051724017
0.5406,2.1007250319235027,0.5406,2.1807490051724017
0.5408,2.1058878689073026,0.5408,2.1794582959264517
0.541,2.0981436134316027,0.541,2.1833304236643016
0.5412,2.0942714856937528,0.5412,2.1833304236643016
0.5414,2.1058878689073026,0.5414,2.1846211329102516
0.5416,2.1071785781532526,0.5416,2.1794582959264517
0.5418,2.1045971596613526,0.5418,2.1872025514021516
0.542,2.1084692873992026,0.542,2.1833304236643016
0.5422,2.1033064504154027,0.5422,2.1794582959264517
0.5424,2.1058878689073026,0.5424,2.1833304236643016
0.5426,2.1084692873992026,0.5426,2.1859118421562016
0.5428,2.1071785781532526,0.5428,2.1936560976319015
0.543,2.1071785781532526,0.543,2.1859118421562016
0.5432,2.1110507058911026,0.5432,2.1936560976319015
0.5434,2.1097599966451526,0.5434,2.1910746791400015
0.5436,2.1110507058911026,0.5436,2.1936560976319015
0.5438,2.1136321243830025,0.5438,2.1884932606481016
0.544,2.1175042521208525,0.544,2.1910746791400015
0.5442,2.1175042521208525,0.5442,2.1872025514021516
0.5444,2.1123414151370525,0.5444,2.1884932606481016
0.5446,2.1149228336289525,0.5446,2.1949468068778515
0.5448,2.1175042521208525,0.5448,2.1988189346157014
0.545,2.1200856706127524,0.545,2.1975282253697515
0.5452,2.1239577983506024,0.5452,2.2039817715995014
0.5454,2.1226670891046524,0.5454,2.2026910623535514
0.5456,2.1265392168425024,0.5456,2.2026910623535514
0.5458,2.1304113445803523,0.5458,2.2039817715995014
0.546,2.1304113445803523,0.546,2.2130167363211513
0.5462,2.1291206353344023,0.5462,2.2155981548130512
0.5464,2.1291206353344023,0.5464,2.2091446085833013
0.5466,2.1304113445803523,0.5466,2.2155981548130512
0.5468,2.1355741815641522,0.5468,2.2181795733049512
0.547,2.1329927630722523,0.547,2.2143074455671012
0.5472,2.1394463093020022,0.5472,2.2194702825509012
0.5474,2.1394463093020022,0.5474,2.2207609917968512
0.5476,2.1420277277939022,0.5476,2.2168888640590012
0.5478,2.1381556000560522,0.5478,2.2168888640590012
0.548,2.1381556000560522,0.548,2.2194702825509012
0.5482,2.1420277277939022,0.5482,2.2233424102887511
0.5484,2.1420277277939022,0.5484,2.2220517010428011
0.5486,2.1433184370398521,0.5486,2.2246331195347011
0.5488,2.1484812740236521,0.5488,2.2246331195347011
0.549,2.1420277277939022,0.549,2.2233424102887511
0.5492,2.1407370185479522,0.5492,2.2233424102887511
0.5494,2.1484812740236521,0.5494,2.229795956518501
0.5496,2.1484812740236521,0.5496,2.2272145380266011
0.5498,2.1497719832696021,0.5498,2.2259238287806511
0.55,2.1446091462858021,0.55,2.2233424102887511
0.5502,2.1484812740236521,0.5502,2.2220517010428011
0.5504,2.1497719832696021,0.5504,2.229795956518501
0.5506,2.1458998555317521,0.5506,2.2233424102887511
0.5508,2.1446091462858021,0.5508,2.232377375010401
0.551,2.153644111007452,0.551,2.2259238287806511
0.5512,2.1471905647777021,0.5512,2.2259238287806511
0.5514,2.1458998555317521,0.5514,2.231086665764451
0.5516,2.1484812740236521,0.5516,2.2246331195347011
0.5518,2.153644111007452,0.5518,2.2285052472725511
0.552,2.1497719832696021,0.552,2.2220517010428011
0.5522,2.1446091462858021,0.5522,2.2220517010428011
0.5524,2.1458998555317521,0.5524,2.2207609917968512
0.5526,2.1433184370398521,0.5526,2.2194702825509012
0.5528,2.1433184370398521,0.5528,2.2168888640590012
0.553,2.1394463093020022,0.553,2.2207609917968512
0.5532,2.1407370185479522,0.5532,2.2155981548130512
0.5534,2.1394463093020022,0.5534,2.2181795733049512
0.5536,2.1342834723182023,0.5536,2.2181795733049512
0.5538,2.1355741815641522,0.5538,2.2155981548130512
0.554,2.1368648908101022,0.554,2.2168888640590012
0.5542,2.1329927630722523,0.5542,2.2130167363211513
0.5544,2.1368648908101022,0.5544,2.2168888640590012
0.5546,2.1381556000560522,0.5546,2.2143074455671012
0.5548,2.1291206353344023,0.5548,2.2143074455671012
0.555,2.1265392168425024,0.555,2.2078538993373513
0.5552,2.1265392168425024,0.5552,2.2014003531076014
0.5554,2.1252485075965524,0.5554,2.1988189346157014
0.5556,2.1265392168425024,0.5556,2.2039817715995014
0.5558,2.1200856706127524,0.5558,2.2039817715995014
0.556,2.1200856706127524,0.556,2.1975282253697515
0.5562,2.1187949613668025,0.5562,2.2001096438616514
0.5564,2.1175042521208525,0.5564,2.1910746791400015
0.5566,2.1149228336289525,0.5566,2.1949468068778515
0.5568,2.1175042521208525,0.5568,2.1988189346157014
0.557,2.1136321243830025,0.557,2.1923653883859515
0.5572,2.1110507058911026,0.5572,2.1910746791400015
0.5574,2.1084692873992026,0.5574,2.1897839698940516
0.5576,2.1110507058911026,0.5576,2.1897839698940516
0.5578,2.1136321243830025,0.5578,2.1910746791400015
0.558,2.1084692873992026,0.558,2.1923653883859515
0.5582,2.1071785781532526,0.5582,2.1859118421562016
0.5584,2.1058878689073026,0.5584,2.1807490051724017
0.5586,2.1097599966451526,0.5586,2.1807490051724017
0.5588,2.1084692873992026,0.5588,2.1859118421562016
0.559,2.1020157411694527,0.559,2.1846211329102516
0.5592,2.1058878689073026,0.5592,2.1884932606481016
0.5594,2.1020157411694527,0.5594,2.1846211329102516
0.5596,2.1020157411694527,0.5596,2.1794582959264517
0.5598,2.1007250319235027,0.5598,2.1820397144183517
0.56,2.1045971596613526,0.56,2.1820397144183517
0.5602,2.1007250319235027,0.5602,2.1807490051724017
0.5604,2.1045971596613526,0.5604,2.1884932606481016
0.5606,2.1045971596613526,0.5606,2.1794582959264517
0.5608,2.1033064504154027,0.5608,2.1781675866805017
0.561,2.0981436134316027,0.561,2.1820397144183517
0.5612,2.0981436134316027,0.5612,2.1846211329102516
0.5614,2.1020157411694527,0.5614,2.1807490051724017
0.5616,2.1033064504154027,0.5616,2.1820397144183517
0.5618,2.1033064504154027,0.5618,2.1872025514021516
0.562,2.1033064504154027,0.562,2.1846211329102516
0.5622,2.1084692873992026,0.5622,2.1846211329102516
0.5624,2.1071785781532526,0.5624,2.1884932606481016
0.5626,2.1084692873992026,0.5626,2.1884932606481016
0.5628,2.1097599966451526,0.5628,2.1884932606481016
0.563,2.1084692873992026,0.563,2.1846211329102516
0.5632,2.1110507058911026,0.5632,2.1949468068778515
0.5634,2.1123414151370525,0.5634,2.1884932606481016
0.5636,2.1110507058911026,0.5636,2.1884932606481016
0.5638,2.1149228336289525,0.5638,2.1923653883859515
0.564,2.1123414151370525,0.564,2.1897839698940516
0.5642,2.1136321243830025,0.5642,2.1949468068778515
0.5644,2.1110507058911026,0.5644,2.1936560976319015
0.5646,2.1162135428749025,0.5646,2.1962375161238015
0.5648,2.1187949613668025,0.5648,2.2039817715995014
0.565,2.1252485075965524,0.565,2.2052724808454514
0.5652,2.1226670891046524,0.5652,2.2091446085833013
0.5654,2.1291206353344023,0.5654,2.2026910623535514
0.5656,2.1265392168425024,0.5656,2.2052724808454514
0.5658,2.1265392168425024,0.5658,2.2104353178292513
0.566,2.1265392168425024,0.566,2.2052724808454514
0.5662,2.1342834723182023,0.5662,2.2143074455671012
0.5664,2.1278299260884523,0.5664,2.2130167363211513
0.5666,2.1342834723182023,0.5666,2.2104353178292513
0.5668,2.1368648908101022,0.5668,2.2143074455671012
0.567,2.1433184370398521,0.567,2.2143074455671012
0.5672,2.1355741815641522,0.5672,2.2168888640590012
0.5674,2.1342834723182023,0.5674,2.2143074455671012
0.5676,2.1407370185479522,0.5676,2.2233424102887511
0.5678,2.1420277277939022,0.5678,2.2207609917968512
0.568,2.1355741815641522,0.568,2.2233424102887511
0.5682,2.1368648908101022,0.5682,2.2233424102887511
0.5684,2.1407370185479522,0.5684,2.2259238287806511
0.5686,2.1446091462858021,0.5686,2.2285052472725511
0.5688,2.1471905647777021,0.5688,2.2246331195347011
0.569,2.1407370185479522,0.569,2.2220517010428011
0.5692,2.1407370185479522,0.5692,2.2259238287806511
0.5694,2.1420277277939022,0.5694,2.2220517010428011
0.5696,2.1497719832696021,0.5696,2.2246331195347011
0.5698,2.1497719832696021,0.5698,2.2246331195347011
0.57,2.1471905647777021,0.57,2.2259238287806511
0.5702,2.1471905647777021,0.5702,2.2285052472725511
0.5704,2.1484812740236521,0.5704,2.2259238287806511
0.5706,2.1484812740236521,0.5706,2.2272145380266011
0.5708,2.1407370185479522,0.5708,2.2285052472725511
0.571,2.151062692515552,0.571,2.233668084256351
0.5712,2.1446091462858021,0.5712,2.2246331195347011
0.5714,2.1458998555317521,0.5714,2.2246331195347011
0.5716,2.1471905647777021,0.5716,2.2207609917968512
0.5718,2.1420277277939022,0.5718,2.2259238287806511
0.572,2.1433184370398521,0.572,2.2259238287806511
0.5722,2.1433184370398521,0.5722,2.2194702825509012
0.5724,2.1433184370398521,0.5724,2.2220517010428011
0.5726,2.1394463093020022,0.5726,2.2233424102887511
0.5728,2.1381556000560522,0.5728,2.2233424102887511
0.573,2.1484812740236521,0.573,2.2181795733049512
0.5732,2.1368648908101022,0.5732,2.2181795733049512
0.5734,2.1368648908101022,0.5734,2.2207609917968512
0.5736,2.1368648908101022,0.5736,2.2143074455671012
0.5738,2.1355741815641522,0.5738,2.2168888640590012
0.574,2.1342834723182023,0.574,2.2181795733049512
0.5742,2.1329927630722523,0.5742,2.2078538993373513
0.5744,2.1278299260884523,0.5744,2.2155981548130512
0.5746,2.1317020538263023,0.5746,2.2143074455671012
0.5748,2.1304113445803523,0.5748,2.2104353178292513
0.575,2.1278299260884523,0.575,2.2117260270752013
0.5752,2.1265392168425024,0.5752,2.2052724808454514
0.5754,2.1265392168425024,0.5754,2.2014003531076014
0.5756,2.1187949613668025,0.5756,2.2039817715995014
0.5758,2.1226670891046524,0.5758,2.2014003531076014
0.576,2.1175042521208525,0.576,2.2026910623535514
0.5762,2.1187949613668025,0.5762,2.1975282253697515
0.5764,2.1175042521208525,0.5764,2.1975282253697515
0.5766,2.1187949613668025,0.5766,2.1936560976319015
0.5768,2.1110507058911026,0.5768,2.1949468068778515
0.577,2.1136321243830025,0.577,2.1975282253697515
0.5772,2.1136321243830025,0.5772,2.1884932606481016
0.5774,2.1136321243830025,0.5774,2.1910746791400015
0.5776,2.1136321243830025,0.5776,2.1897839698940516
0.5778,2.1097599966451526,0.5778,2.1884932606481016
0.578,2.1110507058911026,0.578,2.1872025514021516
0.5782,2.1110507058911026,0.5782,2.1859118421562016
0.5784,2.1071785781532526,0.5784,2.1846211329102516
0.5786,2.1097599966451526,0.5786,2.1833304236643016
0.5788,2.1071785781532526,0.5788,2.1781675866805017
0.579,2.1033064504154027,0.579,2.1859118421562016
0.5792,2.1045971596613526,0.5792,2.1820397144183517
0.5794,2.1033064504154027,0.5794,2.1807490051724017
0.5796,2.1045971596613526,0.5796,2.1807490051724017
0.5798,2.1045971596613526,0.5798,2.1833304236643016
0.58,2.1045971596613526,0.58,2.1807490051724017
0.5802,2.0994343226775527,0.5802,2.1833304236643016
0.5804,2.1045971596613526,0.5804,2.1781675866805017
0.5806,2.1045971596613526,0.5806,2.1742954589426517
0.5808,2.1020157411694527,0.5808,2.1794582959264517
0.581,2.0981436134316027,0.581,2.1768768774345517
0.5812,2.0981436134316027,0.5812,2.1781675866805017
0.5814,2.1007250319235027,0.5814,2.1833304236643016
0.5816,2.0955621949397027,0.5816,2.1807490051724017
0.5818,2.1033064504154027,0.5818,2.1859118421562016
0.582,2.1020157411694527,0.582,2.1884932606481016
0.5822,2.1071785781532526,0.5822,2.1859118421562016
0.5824,2.1033064504154027,0.5824,2.1884932606481016
0.5826,2.1097599966451526,0.5826,2.1923653883859515
0.5828,2.1071785781532526,0.5828,2.1975282253697515
0.583,2.1071785781532526,0.583,2.1897839698940516
0.5832,2.1084692873992026,0.5832,2.1910746791400015
0.5834,2.1110507058911026,0.5834,2.1923653883859515
0.5836,2.1123414151370525,0.5836,2.1872025514021516
0.5838,2.1110507058911026,0.5838,2.1897839698940516
0.584,2.1123414151370525,0.584,2.1923653883859515
0.5842,2.1187949613668025,0.5842,2.1988189346157014
0.5844,2.1136321243830025,0.5844,2.1975282253697515
0.5846,2.1162135428749025,0.5846,2.2039817715995014
0.5848,2.1187949613668025,0.5848,2.2014003531076014
0.585,2.1175042521208525,0.585,2.2001096438616514
0.5852,2.1239577983506024,0.5852,2.2065631900914013
0.5854,2.1265392168425024,0.5854,2.2091446085833013
0.5856,2.1265392168425024,0.5856,2.2078538993373513
0.5858,2.1213763798587024,0.5858,2.2091446085833013
0.586,2.1304113445803523,0.586,2.2117260270752013
0.5862,2.1304113445803523,0.5862,2.2078538993373513
0.5864,2.1329927630722523,0.5864,2.2130167363211513
0.5866,2.1381556000560522,0.5866,2.2155981548130512
0.5868,2.1394463093020022,0.5868,2.2155981548130512
0.587,2.1329927630722523,0.587,2.2117260270752013
0.5872,2.1368648908101022,0.5872,2.2194702825509012
0.5874,2.1433184370398521,0.5874,2.2168888640590012
0.5876,2.1407370185479522,0.5876,2.2194702825509012
0.5878,2.1433184370398521,0.5878,2.2207609917968512
0.588,2.1381556000560522,0.588,2.2233424102887511
0.5882,2.1420277277939022,0.5882,2.2233424102887511
0.5884,2.1433184370398521,0.5884,2.2246331195347011
0.5886,2.1433184370398521,0.5886,2.2246331195347011
0.5888,2.1446091462858021,0.5888,2.2285052472725511
0.589,2.1471905647777021,0.589,2.2246331195347011
0.5892,2.1433184370398521,0.5892,2.2272145380266011
0.5894,2.1420277277939022,0.5894,2.2259238287806511
0.5896,2.1458998555317521,0.5896,2.2285052472725511
0.5898,2.1446091462858021,0.5898,2.229795956518501
0.59,2.151062692515552,0.59,2.231086665764451
0.5902,2.1458998555317521,0.5902,2.2259238287806511
0.5904,2.1484812740236521,0.5904,2.232377375010401
0.5906,2.1420277277939022,0.5906,2.2285052472725511
0.5908,2.151062692515552,0.5908,2.2259238287806511
0.591,2.1471905647777021,0.591,2.2259238287806511
0.5912,2.1471905647777021,0.5912,2.232377375010401
0.5914,2.1484812740236521,0.5914,2.2272145380266011
0.5916,2.1484812740236521,0.5916,2.2220517010428011
0.5918,2.1458998555317521,0.5918,2.2233424102887511
0.592,2.1458998555317521,0.592,2.2246331195347011
0.5922,2.1433184370398521,0.5922,2.2246331195347011
0.5924,2.1446091462858021,0.5924,2.2207609917968512
0.5926,2.1420277277939022,0.5926,2.2207609917968512
0.5928,2.1407370185479522,0.5928,2.2194702825509012
0.593,2.1381556000560522,0.593,2.2194702825509012
0.5932,2.1368648908101022,0.5932,2.2246331195347011
0.5934,2.1407370185479522,0.5934,2.2246331195347011
0.5936,2.1381556000560522,0.5936,2.2104353178292513
0.5938,2.1329927630722523,0.5938,2.2181795733049512
0.594,2.1407370185479522,0.594,2.2168888640590012
0.5942,2.1304113445803523,0.5942,2.2130167363211513
0.5944,2.1342834723182023,0.5944,2.2181795733049512
0.5946,2.1304113445803523,0.5946,2.2104353178292513
0.5948,2.1304113445803523,0.5948,2.2117260270752013
0.595,2.1265392168425024,0.595,2.2117260270752013
0.5952,2.1252485075965524,0.5952,2.1988189346157014
0.5954,2.1265392168425024,0.5954,2.2039817715995014
0.5956,2.1187949613668025,0.5956,2.2078538993373513
0.5958,2.1213763798587024,0.5958,2.2026910623535514
0.596,2.1187949613668025,0.596,2.2014003531076014
0.5962,2.1226670891046524,0.5962,2.2052724808454514
0.5964,2.1200856706127524,0.5964,2.1949468068778515
0.5966,2.1136321243830025,0.5966,2.1962375161238015
0.5968,2.1123414151370525,0.5968,2.1949468068778515
0.597,2.1187949613668025,0.597,2.1962375161238015
0.5972,2.1136321243830025,0.5972,2.1897839698940516
0.5974,2.1110507058911026,0.5974,2.1949468068778515
0.5976,2.1097599966451526,0.5976,2.1897839698940516
0.5978,2.1097599966451526,0.5978,2.1884932606481016
0.598,2.1084692873992026,0.598,2.1897839698940516
0.5982,2.1149228336289525,0.5982,2.1833304236643016
0.5984,2.1071785781532526,0.5984,2.1833304236643016
0.5986,2.1033064504154027,0.5986,2.1820397144183517
0.5988,2.1045971596613526,0.5988,2.1884932606481016
0.599,2.1058878689073026,0.599,2.1884932606481016
0.5992,2.1110507058911026,0.5992,2.1859118421562016
0.5994,2.0994343226775527,0.5994,2.1872025514021516
0.5996,2.1058878689073026,0.5996,2.1833304236643016
0.5998,2.1007250319235027,0.5998,2.1807490051724017
0.6,2.0994343226775527,0.6,2.1807490051724017
0.6002,2.1007250319235027,0.6002,2.1820397144183517
0.6004,2.0994343226775527,0.6004,2.1820397144183517
0.6006,2.1045971596613526,0.6006,2.1820397144183517
0.6008,2.0955621949397027,0.6008,2.1794582959264517
0.601,2.1033064504154027,0.601,2.1781675866805017
0.6012,2.0981436134316027,0.6012,2.1820397144183517
0.6014,2.0981436134316027,0.6014,2.1807490051724017
0.6016,2.1007250319235027,0.6016,2.1846211329102516
0.6018,2.1020157411694527,0.6018,2.1872025514021516
0.602,2.1045971596613526,0.602,2.1846211329102516
0.6022,2.1033064504154027,0.6022,2.1846211329102516
0.6024,2.1084692873992026,0.6024,2.1859118421562016
0.6026,2.1045971596613526,0.6026,2.1897839698940516
0.6028,2.1058878689073026,0.6028,2.1897839698940516
0.603,2.1071785781532526,0.603,2.1936560976319015
0.6032,2.1097599966451526,0.6032,2.1923653883859515
0.6034,2.1110507058911026,0.6034,2.1910746791400015
0.6036,2.1045971596613526,0.6036,2.1897839698940516
0.6038,2.1149228336289525,0.6038,2.1949468068778515
0.604,2.1175042521208525,0.604,2.1962375161238015
0.6042,2.1136321243830025,0.6042,2.1936560976319015
0.6044,2.1136321243830025,0.6044,2.1975282253697515
0.6046,2.1149228336289525,0.6046,2.1936560976319015
0.6048,2.1149228336289525,0.6048,2.2052724808454514
0.605,2.1213763798587024,0.605,2.2091446085833013
0.6052,2.1304113445803523,0.6052,2.2078538993373513
0.6054,2.1278299260884523,0.6054,2.2078538993373513
0.6056,2.1291206353344023,0.6056,2.2052724808454514
0.6058,2.1239577983506024,0.6058,2.2104353178292513
0.606,2.1278299260884523,0.606,2.2117260270752013
0.6062,2.1265392168425024,0.6062,2.2117260270752013
0.6064,2.1329927630722523,0.6064,2.2155981548130512
0.6066,2.1329927630722523,0.6066,2.2117260270752013
0.6068,2.1342834723182023,0.6068,2.2155981548130512
0.607,2.1381556000560522,0.607,2.2143074455671012
0.6072,2.1368648908101022,0.6072,2.2194702825509012
0.6074,2.1407370185479522,0.6074,2.2194702825509012
0.6076,2.1368648908101022,0.6076,2.2233424102887511
0.6078,2.1381556000560522,0.6078,2.2207609917968512
0.608,2.1394463093020022,0.608,2.2259238287806511
0.6082,2.1420277277939022,0.6082,2.2285052472725511
0.6084,2.1471905647777021,0.6084,2.2246331195347011
0.6086,2.1458998555317521,0.6086,2.2233424102887511
0.6088,2.1446091462858021,0.6088,2.229795956518501
0.609,2.1446091462858021,0.609,2.2233424102887511
0.6092,2.1458998555317521,0.6092,2.2246331195347011
0.6094,2.1484812740236521,0.6094,2.2220517010428011
0.6096,2.1407370185479522,0.6096,2.2233424102887511
0.6098,2.1458998555317521,0.6098,2.231086665764451
0.61,2.153644111007452,0.61,2.231086665764451
0.6102,2.1497719832696021,0.6102,2.231086665764451
0.6104,2.1484812740236521,0.6104,2.2272145380266011
0.6106,2.151062692515552,0.6106,2.2259238287806511
0.6108,2.1458998555317521,0.6108,2.232377375010401
0.611,2.152353401761502,0.611,2.232377375010401
0.6112,2.1433184370398521,0.6112,2.233668084256351
0.6114,2.1394463093020022,0.6114,2.232377375010401
0.6116,2.1446091462858021,0.6116,2.2246331195347011
0.6118,2.1458998555317521,0.6118,2.231086665764451
0.612,2.1458998555317521,0.612,2.231086665764451
0.6122,2.1433184370398521,0.6122,2.2259238287806511
0.6124,2.1420277277939022,0.6124,2.2220517010428011
0.6126,2.1446091462858021,0.6126,2.2220517010428011
0.6128,2.1394463093020022,0.6128,2.2220517010428011
0.613,2.1446091462858021,0.613,2.2285052472725511
0.6132,2.1394463093020022,0.6132,2.2194702825509012
0.6134,2.1394463093020022,0.6134,2.2194702825509012
0.6136,2.1394463093020022,0.6136,2.2207609917968512
0.6138,2.1368648908101022,0.6138,2.2168888640590012
0.614,2.1342834723182023,0.614,2.2168888640590012
0.6142,2.1278299260884523,0.6142,2.2155981548130512
0.6144,2.1342834723182023,0.6144,2.2130167363211513
0.6146,2.1329927630722523,0.6146,2.2104353178292513
0.6148,2.1317020538263023,0.6148,2.2104353178292513
0.615,2.1291206353344023,0.615,2.2039817715995014
0.6152,2.1252485075965524,0.6152,2.2014003531076014
0.6154,2.1213763798587024,0.6154,2.2052724808454514
0.6156,2.1226670891046524,0.6156,2.2039817715995014
0.6158,2.1213763798587024,0.6158,2.2001096438616514
0.616,2.1162135428749025,0.616,2.1988189346157014
0.6162,2.1162135428749025,0.6162,2.1975282253697515
0.6164,2.1162135428749025,0.6164,2.1975282253697515
0.6166,2.1162135428749025,0.6166,2.1923653883859515
0.6168,2.1123414151370525,0.6168,2.1936560976319015
0.617,2.1136321243830025,0.617,2.1949468068778515
0.6172,2.1175042521208525,0.6172,2.1910746791400015
0.6174,2.1123414151370525,0.6174,2.1897839698940516
0.6176,2.1084692873992026,0.6176,2.1910746791400015
0.6178,2.1123414151370525,0.6178,2.1923653883859515
0.618,2.1123414151370525,0.618,2.1910746791400015
0.6182,2.1045971596613526,0.6182,2.1820397144183517
0.6184,2.1071785781532526,0.6184,2.1846211329102516
0.6186,2.1045971596613526,0.6186,2.1846211329102516
0.6188,2.1007250319235027,0.6188,2.1872025514021516
0.619,2.1084692873992026,0.619,2.1807490051724017
0.6192,2.1045971596613526,0.6192,2.1846211329102516
0.6194,2.1071785781532526,0.6194,2.1820397144183517
0.6196,2.1007250319235027,0.6196,2.1807490051724017
0.6198,2.1020157411694527,0.6198,2.1833304236643016
0.62,2.1020157411694527,0.62,2.1781675866805017
0.6202,2.1033064504154027,0.6202,2.1794582959264517
0.6204,2.1058878689073026,0.6204,2.1833304236643016
0.6206,2.1045971596613526,0.6206,2.1794582959264517
0.6208,2.1020157411694527,0.6208,2.1833304236643016
0.621,2.1020157411694527,0.621,2.1807490051724017
0.6212,2.1033064504154027,0.6212,2.1833304236643016
0.6214,2.1020157411694527,0.6214,2.1820397144183517
0.6216,2.1071785781532526,0.6216,2.1794582959264517
0.6218,2.1058878689073026,0.6218,2.1833304236643016
0.622,2.1007250319235027,0.622,2.1859118421562016
0.6222,2.1071785781532526,0.6222,2.1884932606481016
0.6224,2.1058878689073026,0.6224,2.1859118421562016
0.6226,2.1071785781532526,0.6226,2.1884932606481016
0.6228,2.1110507058911026,0.6228,2.1923653883859515
0.623,2.1045971596613526,0.623,2.1910746791400015
0.6232,2.1110507058911026,0.6232,2.1872025514021516
0.6234,2.1110507058911026,0.6234,2.1872025514021516
0.6236,2.1149228336289525,0.6236,2.1936560976319015
0.6238,2.1071785781532526,0.6238,2.1975282253697515
0.624,2.1162135428749025,0.624,2.1923653883859515
0.6242,2.1162135428749025,0.6242,2.1936560976319015
0.6244,2.1187949613668025,0.6244,2.1975282253697515
0.6246,2.1175042521208525,0.6246,2.1975282253697515
0.6248,2.1175042521208525,0.6248,2.1949468068778515
0.625,2.1226670891046524,0.625,2.1988189346157014
0.6252,2.1200856706127524,0.6252,2.2078538993373513
0.6254,2.1291206353344023,0.6254,2.2052724808454514
0.6256,2.1265392168425024,0.6256,2.2065631900914013
0.6258,2.1252485075965524,0.6258,2.2078538993373513
0.626,2.1265392168425024,0.626,2.2078538993373513
0.6262,2.1265392168425024,0.6262,2.2091446085833013
0.6264,2.1368648908101022,0.6264,2.2155981548130512
0.6266,2.1304113445803523,0.6266,2.2130167363211513
0.6268,2.1329927630722523,0.6268,2.2181795733049512
0.627,2.1394463093020022,0.627,2.2194702825509012
0.6272,2.1394463093020022,0.6272,2.2181795733049512
0.6274,2.1329927630722523,0.6274,2.2194702825509012
0.6276,2.1342834723182023,0.6276,2.2155981548130512
0.6278,2.1368648908101022,0.6278,2.2181795733049512
0.628,2.1355741815641522,0.628,2.2207609917968512
0.6282,2.1394463093020022,0.6282,2.2207609917968512
0.6284,2.1433184370398521,0.6284,2.2285052472725511
0.6286,2.1433184370398521,0.6286,2.2220517010428011
0.6288,2.1420277277939022,0.6288,2.2207609917968512
0.629,2.1458998555317521,0.629,2.2194702825509012
0.6292,2.1433184370398521,0.6292,2.2194702825509012
0.6294,2.1446091462858021,0.6294,2.2246331195347011
0.6296,2.1446091462858021,0.6296,2.2285052472725511
0.6298,2.1458998555317521,0.6298,2.2285052472725511
0.63,2.1484812740236521,0.63,2.229795956518501
0.6302,2.1458998555317521,0.6302,2.2285052472725511
0.6304,2.151062692515552,0.6304,2.2285052472725511
0.6306,2.1458998555317521,0.6306,2.2246331195347011
0.6308,2.1484812740236521,0.6308,2.2233424102887511
0.631,2.1446091462858021,0.631,2.2259238287806511
0.6312,2.151062692515552,0.6312,2.232377375010401
0.6314,2.1497719832696021,0.6314,2.229795956518501
0.6316,2.1458998555317521,0.6316,2.231086665764451
0.6318,2.1484812740236521,0.6318,2.2168888640590012
0.632,2.1446091462858021,0.632,2.2233424102887511
0.6322,2.1484812740236521,0.6322,2.2233424102887511
0.6324,2.1420277277939022,0.6324,2.2181795733049512
0.6326,2.1407370185479522,0.6326,2.2220517010428011
0.6328,2.1394463093020022,0.6328,2.2181795733049512
0.633,2.1407370185479522,0.633,2.2168888640590012
0.6332,2.1355741815641522,0.6332,2.2181795733049512
0.6334,2.1381556000560522,0.6334,2.2155981548130512
0.6336,2.1407370185479522,0.6336,2.2155981548130512
0.6338,2.1355741815641522,0.6338,2.2207609917968512
0.634,2.1342834723182023,0.634,2.2143074455671012
0.6342,2.1368648908101022,0.6342,2.2130167363211513
0.6344,2.1317020538263023,0.6344,2.2130167363211513
0.6346,2.1329927630722523,0.6346,2.2117260270752013
0.6348,2.1329927630722523,0.6348,2.2117260270752013
0.635,2.1252485075965524,0.635,2.2026910623535514
0.6352,2.1239577983506024,0.6352,2.1975282253697515
0.6354,2.1252485075965524,0.6354,2.2052724808454514
0.6356,2.1252485075965524,0.6356,2.1975282253697515
0.6358,2.1200856706127524,0.6358,2.1975282253697515
0.636,2.1187949613668025,0.636,2.2001096438616514
0.6362,2.1187949613668025,0.6362,2.1988189346157014
0.6364,2.1136321243830025,0.6364,2.1923653883859515
0.6366,2.1123414151370525,0.6366,2.1949468068778515
0.6368,2.1149228336289525,0.6368,2.1897839698940516
0.637,2.1136321243830025,0.637,2.1962375161238015
0.6372,2.1084692873992026,0.6372,2.1923653883859515
0.6374,2.1097599966451526,0.6374,2.1859118421562016
0.6376,2.1084692873992026,0.6376,2.1859118421562016
0.6378,2.1136321243830025,0.6378,2.1859118421562016
0.638,2.1110507058911026,0.638,2.1846211329102516
0.6382,2.1097599966451526,0.6382,2.1859118421562016
0.6384,2.1071785781532526,0.6384,2.1794582959264517
0.6386,2.1007250319235027,0.6386,2.1859118421562016
0.6388,2.1058878689073026,0.6388,2.1910746791400015
0.639,2.1045971596613526,0.639,2.1807490051724017
0.6392,2.0981436134316027,0.6392,2.1820397144183517
0.6394,2.1020157411694527,0.6394,2.1897839698940516
0.6396,2.1007250319235027,0.6396,2.1794582959264517
0.6398,2.1007250319235027,0.6398,2.1820397144183517
0.64,2.1020157411694527,0.64,2.1833304236643016
0.6402,2.0981436134316027,0.6402,2.1768768774345517
0.6404,2.1007250319235027,0.6404,2.1820397144183517
0.6406,2.0981436134316027,0.6406,2.1846211329102516
0.6408,2.1033064504154027,0.6408,2.1781675866805017
0.641,2.0981436134316027,0.641,2.1794582959264517
0.6412,2.0994343226775527,0.6412,2.1820397144183517
0.6414,2.0955621949397027,0.6414,2.1846211329102516
0.6416,2.0994343226775527,0.6416,2.1781675866805017
0.6418,2.1033064504154027,0.6418,2.1846211329102516
0.642,2.1020157411694527,0.642,2.1833304236643016
0.6422,2.1084692873992026,0.6422,2.1872025514021516
0.6424,2.1084692873992026,0.6424,2.1859118421562016
0.6426,2.1097599966451526,0.6426,2.1897839698940516
0.6428,2.1084692873992026,0.6428,2.1884932606481016
0.643,2.1097599966451526,0.643,2.1872025514021516
0.6432,2.1097599966451526,0.6432,2.1910746791400015
0.6434,2.1123414151370525,0.6434,2.1897839698940516
0.6436,2.1123414151370525,0.6436,2.1872025514021516
0.6438,2.1136321243830025,0.6438,2.1897839698940516
0.644,2.1162135428749025,0.644,2.1962375161238015
0.6442,2.1123414151370525,0.6442,2.1910746791400015
0.6444,2.1097599966451526,0.6444,2.1923653883859515
0.6446,2.1175042521208525,0.6446,2.1910746791400015
0.6448,2.1175042521208525,0.6448,2.2001096438616514
0.645,2.1200856706127524,0.645,2.2039817715995014
0.6452,2.1226670891046524,0.6452,2.2026910623535514
0.6454,2.1252485075965524,0.6454,2.2026910623535514
0.6456,2.1239577983506024,0.6456,2.2065631900914013
0.6458,2.1252485075965524,0.6458,2.2078538993373513
0.646,2.1291206353344023,0.646,2.2091446085833013
0.6462,2.1291206353344023,0.6462,2.2143074455671012
0.6464,2.1317020538263023,0.6464,2.2168888640590012
0.6466,2.1355741815641522,0.6466,2.2130167363211513
0.6468,2.1329927630722523,0.6468,2.2130167363211513
0.647,2.1342834723182023,0.647,2.2168888640590012
0.6472,2.1368648908101022,0.6472,2.2143074455671012
0.6474,2.1291206353344023,0.6474,2.2168888640590012
0.6476,2.1342834723182023,0.6476,2.2207609917968512
0.6478,2.1355741815641522,0.6478,2.2220517010428011
0.648,2.1407370185479522,0.648,2.2272145380266011
0.6482,2.1381556000560522,0.6482,2.2285052472725511
0.6484,2.1433184370398521,0.6484,2.2246331195347011
0.6486,2.1446091462858021,0.6486,2.2246331195347011
0.6488,2.1433184370398521,0.6488,2.2259238287806511
0.649,2.1381556000560522,0.649,2.2246331195347011
0.6492,2.1458998555317521,0.6492,2.2233424102887511
0.6494,2.1433184370398521,0.6494,2.2259238287806511
0.6496,2.1407370185479522,0.6496,2.2285052472725511
0.6498,2.1433184370398521,0.6498,2.2285052472725511
0.65,2.1446091462858021,0.65,2.2233424102887511
0.6502,2.1484812740236521,0.6502,2.2246331195347011
0.6504,2.1433184370398521,0.6504,2.2259238287806511
0.6506,2.1458998555317521,0.6506,2.2272145380266011
0.6508,2.1446091462858021,0.6508,2.231086665764451
0.651,2.1471905647777021,0.651,2.229795956518501
0.6512,2.1446091462858021,0.6512,2.231086665764451
0.6514,2.1458998555317521,0.6514,2.2272145380266011
0.6516,2.1484812740236521,0.6516,2.2285052472725511
0.6518,2.1458998555317521,0.6518,2.2233424102887511
0.652,2.1458998555317521,0.652,2.2233424102887511
0.6522,2.1407370185479522,0.6522,2.2233424102887511
0.6524,2.1446091462858021,0.6524,2.2181795733049512
0.6526,2.1433184370398521,0.6526,2.2168888640590012
0.6528,2.1407370185479522,0.6528,2.2194702825509012
0.653,2.1433184370398521,0.653,2.2181795733049512
0.6532,2.1433184370398521,0.6532,2.2130167363211513
0.6534,2.1407370185479522,0.6534,2.2181795733049512
0.6536,2.1342834723182023,0.6536,2.2168888640590012
0.6538,2.1368648908101022,0.6538,2.2155981548130512
0.654,2.1342834723182023,0.654,2.2155981548130512
0.6542,2.1317020538263023,0.6542,2.2181795733049512
0.6544,2.1342834723182023,0.6544,2.2091446085833013
0.6546,2.1317020538263023,0.6546,2.2130167363211513
0.6548,2.1304113445803523,0.6548,2.2078538993373513
0.655,2.1239577983506024,0.655,2.2091446085833013
0.6552,2.1252485075965524,0.6552,2.1988189346157014
0.6554,2.1213763798587024,0.6554,2.2052724808454514
0.6556,2.1213763798587024,0.6556,2.2026910623535514
0.6558,2.1187949613668025,0.6558,2.1975282253697515
0.656,2.1162135428749025,0.656,2.1962375161238015
0.6562,2.1175042521208525,0.6562,2.1975282253697515
0.6564,2.1123414151370525,0.6564,2.1949468068778515
0.6566,2.1187949613668025,0.6566,2.1949468068778515
0.6568,2.1123414151370525,0.6568,2.1949468068778515
0.657,2.1149228336289525,0.657,2.1833304236643016
0.6572,2.1123414151370525,0.6572,2.1910746791400015
0.6574,2.1097599966451526,0.6574,2.1910746791400015
0.6576,2.1110507058911026,0.6576,2.1884932606481016
0.6578,2.1123414151370525,0.6578,2.1859118421562016
0.658,2.1097599966451526,0.658,2.1897839698940516
0.6582,2.1097599966451526,0.6582,2.1910746791400015
0.6584,2.1084692873992026,0.6584,2.1755861681886017
0.6586,2.1045971596613526,0.6586,2.1846211329102516
0.6588,2.1058878689073026,0.6588,2.1807490051724017
0.659,2.1045971596613526,0.659,2.1833304236643016
0.6592,2.1033064504154027,0.6592,2.1807490051724017
0.6594,2.1020157411694527,0.6594,2.1872025514021516
0.6596,2.1020157411694527,0.6596,2.1884932606481016
0.6598,2.0994343226775527,0.6598,2.1859118421562016
0.66,2.1007250319235027,0.66,2.1794582959264517
0.6602,2.0981436134316027,0.6602,2.1794582959264517
0.6604,2.1020157411694527,0.6604,2.1807490051724017
0.6606,2.1007250319235027,0.6606,2.1794582959264517
0.6608,2.1020157411694527,0.6608,2.1833304236643016
0.661,2.1020157411694527,0.661,2.1768768774345517
0.6612,2.1007250319235027,0.6612,2.1833304236643016
0.6614,2.1020157411694527,0.6614,2.1820397144183517
0.6616,2.1033064504154027,0.6616,2.1846211329102516
0.6618,2.1045971596613526,0.6618,2.1820397144183517
0.662,2.1045971596613526,0.662,2.1872025514021516
0.6622,2.0994343226775527,0.6622,2.1859118421562016
0.6624,2.1058878689073026,0.6624,2.1872025514021516
0.6626,2.1045971596613526,0.6626,2.1807490051724017
0.6628,2.1097599966451526,0.6628,2.1859118421562016
0.663,2.1097599966451526,0.663,2.1872025514021516
0.6632,2.1136321243830025,0.6632,2.1897839698940516
0.6634,2.1136321243830025,0.6634,2.1884932606481016
0.6636,2.1136321243830025,0.6636,2.1897839698940516
0.6638,2.1136321243830025,0.6638,2.1949468068778515
0.664,2.1123414151370525,0.664,2.1910746791400015
0.6642,2.1097599966451526,0.6642,2.1975282253697515
0.6644,2.1136321243830025,0.6644,2.1975282253697515
0.6646,2.1162135428749025,0.6646,2.1936560976319015
0.6648,2.1149228336289525,0.6648,2.1936560976319015
0.665,2.1149228336289525,0.665,2.2039817715995014
0.6652,2.1213763798587024,0.6652,2.2026910623535514
0.6654,2.1200856706127524,0.6654,2.2052724808454514
0.6656,2.1252485075965524,0.6656,2.2014003531076014
0.6658,2.1252485075965524,0.6658,2.2039817715995014
0.666,2.1252485075965524,0.666,2.2078538993373513
0.6662,2.1291206353344023,0.6662,2.2130167363211513
0.6664,2.1368648908101022,0.6664,2.2155981548130512
0.6666,2.1304113445803523,0.6666,2.2091446085833013
0.6668,2.1368648908101022,0.6668,2.2155981548130512
0.667,2.1355741815641522,0.667,2.2143074455671012
0.6672,2.1355741815641522,0.6672,2.2207609917968512
0.6674,2.1329927630722523,0.6674,2.2194702825509012
0.6676,2.1381556000560522,0.6676,2.2143074455671012
0.6678,2.1329927630722523,0.6678,2.2233424102887511
0.668,2.1446091462858021,0.668,2.2207609917968512
0.6682,2.1407370185479522,0.6682,2.2194702825509012
0.6684,2.1471905647777021,0.6684,2.2207609917968512
0.6686,2.1433184370398521,0.6686,2.231086665764451
0.6688,2.1420277277939022,0.6688,2.2246331195347011
0.669,2.1420277277939022,0.669,2.2246331195347011
0.6692,2.1497719832696021,0.6692,2.231086665764451
0.6694,2.1433184370398521,0.6694,2.2220517010428011
0.6696,2.1433184370398521,0.6696,2.2259238287806511
0.6698,2.1458998555317521,0.6698,2.2272145380266011
0.67,2.151062692515552,0.67,2.2272145380266011
0.6702,2.1497719832696021,0.6702,2.2259238287806511
0.6704,2.1471905647777021,0.6704,2.2233424102887511
0.6706,2.153644111007452,0.6706,2.2259238287806511
0.6708,2.151062692515552,0.6708,2.229795956518501
0.671,2.151062692515552,0.671,2.232377375010401
0.6712,2.1471905647777021,0.6712,2.2246331195347011
0.6714,2.1471905647777021,0.6714,2.2272145380266011
0.6716,2.1446091462858021,0.6716,2.2259238287806511
0.6718,2.1471905647777021,0.6718,2.2207609917968512
0.672,2.1458998555317521,0.672,2.2246331195347011
0.6722,2.1446091462858021,0.6722,2.2220517010428011
0.6724,2.1471905647777021,0.6724,2.2194702825509012
0.6726,2.1458998555317521,0.6726,2.2220517010428011
0.6728,2.1394463093020022,0.6728,2.2207609917968512
0.673,2.1381556000560522,0.673,2.2207609917968512
0.6732,2.1368648908101022,0.6732,2.2194702825509012
0.6734,2.1407370185479522,0.6734,2.2233424102887511
0.6736,2.1368648908101022,0.6736,2.2117260270752013
0.6738,2.1368648908101022,0.6738,2.2181795733049512
0.674,2.1368648908101022,0.674,2.2130167363211513
0.6742,2.1394463093020022,0.6742,2.2155981548130512
0.6744,2.1329927630722523,0.6744,2.2130167363211513
0.6746,2.1394463093020022,0.6746,2.2052724808454514
0.6748,2.1278299260884523,0.6748,2.2065631900914013
0.675,2.1291206353344023,0.675,2.2014003531076014
0.6752,2.1265392168425024,0.6752,2.2026910623535514
0.6754,2.1213763798587024,0.6754,2.1975282253697515
0.6756,2.1278299260884523,0.6756,2.2065631900914013
0.6758,2.1226670891046524,0.6758,2.2026910623535514
0.676,2.1213763798587024,0.676,2.2026910623535514
0.6762,2.1200856706127524,0.6762,2.1936560976319015
0.6764,2.1213763798587024,0.6764,2.1897839698940516
0.6766,2.1149228336289525,0.6766,2.1988189346157014
0.6768,2.1162135428749025,0.6768,2.1949468068778515
0.677,2.1123414151370525,0.677,2.1897839698940516
0.6772,2.1136321243830025,0.6772,2.1897839698940516
0.6774,2.1123414151370525,0.6774,2.1833304236643016
0.6776,2.1071785781532526,0.6776,2.1910746791400015
0.6778,2.1097599966451526,0.6778,2.1884932606481016
0.678,2.1097599966451526,0.678,2.1923653883859515
0.6782,2.1045971596613526,0.6782,2.1872025514021516
0.6784,2.1058878689073026,0.6784,2.1859118421562016
0.6786,2.1033064504154027,0.6786,2.1872025514021516
0.6788,2.1045971596613526,0.6788,2.1833304236643016
0.679,2.1071785781532526,0.679,2.1820397144183517
0.6792,2.1045971596613526,0.6792,2.1846211329102516
0.6794,2.1058878689073026,0.6794,2.1781675866805017
0.6796,2.1020157411694527,0.6796,2.1859118421562016
0.6798,2.1045971596613526,0.6798,2.1768768774345517
0.68,2.1045971596613526,0.68,2.1859118421562016
0.6802,2.0981436134316027,0.6802,2.1833304236643016
0.6804,2.0981436134316027,0.6804,2.1781675866805017
0.6806,2.0994343226775527,0.6806,2.1742954589426517
0.6808,2.0994343226775527,0.6808,2.1794582959264517
0.681,2.1033064504154027,0.681,2.1833304236643016
0.6812,2.1020157411694527,0.6812,2.1768768774345517
0.6814,2.1020157411694527,0.6814,2.1833304236643016
0.6816,2.1020157411694527,0.6816,2.1833304236643016
0.6818,2.1045971596613526,0.6818,2.1820397144183517
0.682,2.1058878689073026,0.682,2.1897839698940516
0.6822,2.1071785781532526,0.6822,2.1872025514021516
0.6824,2.1084692873992026,0.6824,2.1884932606481016
0.6826,2.1071785781532526,0.6826,2.1884932606481016
0.6828,2.1058878689073026,0.6828,2.1897839698940516
0.683,2.1110507058911026,0.683,2.1872025514021516
0.6832,2.1033064504154027,0.6832,2.1897839698940516
0.6834,2.1136321243830025,0.6834,2.1949468068778515
0.6836,2.1071785781532526,0.6836,2.1846211329102516
0.6838,2.1110507058911026,0.6838,2.1910746791400015
0.684,2.1200856706127524,0.684,2.1936560976319015
0.6842,2.1200856706127524,0.6842,2.1949468068778515
0.6844,2.1162135428749025,0.6844,2.1910746791400015
0.6846,2.1175042521208525,0.6846,2.1988189346157014
0.6848,2.1136321243830025,0.6848,2.2039817715995014
0.685,2.1213763798587024,0.685,2.2039817715995014
0.6852,2.1187949613668025,0.6852,2.2052724808454514
0.6854,2.1200856706127524,0.6854,2.2091446085833013
0.6856,2.1278299260884523,0.6856,2.2001096438616514
0.6858,2.1278299260884523,0.6858,2.2091446085833013
0.686,2.1304113445803523,0.686,2.2104353178292513
0.6862,2.1278299260884523,0.6862,2.2117260270752013
0.6864,2.1329927630722523,0.6864,2.2155981548130512
0.6866,2.1278299260884523,0.6866,2.2078538993373513
0.6868,2.1317020538263023,0.6868,2.2117260270752013
0.687,2.1355741815641522,0.687,2.2143074455671012
0.6872,2.1368648908101022,0.6872,2.2181795733049512
0.6874,2.1381556000560522,0.6874,2.2168888640590012
0.6876,2.1394463093020022,0.6876,2.2207609917968512
0.6878,2.1407370185479522,0.6878,2.2143074455671012
0.688,2.1407370185479522,0.688,2.2220517010428011
0.6882,2.1394463093020022,0.6882,2.2181795733049512
0.6884,2.1433184370398521,0.6884,2.2207609917968512
0.6886,2.1471905647777021,0.6886,2.2233424102887511
0.6888,2.1420277277939022,0.6888,2.2207609917968512
0.689,2.1433184370398521,0.689,2.2272145380266011
0.6892,2.1433184370398521,0.6892,2.2220517010428011
0.6894,2.1471905647777021,0.6894,2.2246331195347011
0.6896,2.1433184370398521,0.6896,2.2246331195347011
0.6898,2.152353401761502,0.6898,2.2259238287806511
0.69,2.1484812740236521,0.69,2.2246331195347011
0.6902,2.152353401761502,0.6902,2.2246331195347011
0.6904,2.1433184370398521,0.6904,2.229795956518501
0.6906,2.1497719832696021,0.6906,2.2259238287806511
0.6908,2.1471905647777021,0.6908,2.2259238287806511
0.691,2.1484812740236521,0.691,2.2259238287806511
0.6912,2.1497719832696021,0.6912,2.229795956518501
0.6914,2.151062692515552,0.6914,2.231086665764451
0.6916,2.1446091462858021,0.6916,2.2259238287806511
0.6918,2.1471905647777021,0.6918,2.2285052472725511
0.692,2.1471905647777021,0.692,2.2194702825509012
0.6922,2.1497719832696021,0.6922,2.2181795733049512
0.6924,2.1433184370398521,0.6924,2.2207609917968512
0.6926,2.1433184370398521,0.6926,2.2181795733049512
0.6928,2.1458998555317521,0.6928,2.2194702825509012
0.693,2.1394463093020022,0.693,2.2168888640590012
0.6932,2.1381556000560522,0.6932,2.2233424102887511
0.6934,2.1407370185479522,0.6934,2.2130167363211513
0.6936,2.1394463093020022,0.6936,2.2168888640590012
0.6938,2.1355741815641522,0.6938,2.2155981548130512
0.694,2.1329927630722523,0.694,2.2130167363211513
0.6942,2.1368648908101022,0.6942,2.2143074455671012
0.6944,2.1342834723182023,0.6944,2.2130167363211513
0.6946,2.1329927630722523,0.6946,2.2143074455671012
0.6948,2.1291206353344023,0.6948,2.2143074455671012
0.695,2.1278299260884523,0.695,2.2026910623535514
0.6952,2.1226670891046524,0.6952,2.2052724808454514
0.6954,2.1291206353344023,0.6954,2.2091446085833013
0.6956,2.1265392168425024,0.6956,2.2001096438616514
0.6958,2.1226670891046524,0.6958,2.2026910623535514
0.696,2.1252485075965524,0.696,2.1923653883859515
0.6962,2.1213763798587024,0.6962,2.1949468068778515
0.6964,2.1162135428749025,0.6964,2.1923653883859515
0.6966,2.1162135428749025,0.6966,2.1962375161238015
0.6968,2.1162135428749025,0.6968,2.1897839698940516
0.697,2.1162135428749025,0.697,2.1884932606481016
0.6972,2.1136321243830025,0.6972,2.1962375161238015
0.6974,2.1123414151370525,0.6974,2.1884932606481016
0.6976,2.1097599966451526,0.6976,2.1910746791400015
0.6978,2.1123414151370525,0.6978,2.1884932606481016
0.698,2.1136321243830025,0.698,2.1859118421562016
0.6982,2.1110507058911026,0.6982,2.1833304236643016
0.6984,2.1097599966451526,0.6984,2.1794582959264517
0.6986,2.1058878689073026,0.6986,2.1755861681886017
0.6988,2.1084692873992026,0.6988,2.1833304236643016
0.699,2.1071785781532526,0.699,2.1807490051724017
0.6992,2.1020157411694527,0.6992,2.1846211329102516
0.6994,2.1033064504154027,0.6994,2.1833304236643016
0.6996,2.1045971596613526,0.6996,2.1807490051724017
0.6998,2.0994343226775527,0.6998,2.1781675866805017
0.7,2.1033064504154027,0.7,2.1820397144183517
0.7002,2.1007250319235027,0.7002,2.1781675866805017
0.7004,2.1058878689073026,0.7004,2.1859118421562016
0.7006,2.1020157411694527,0.7006,2.1872025514021516
0.7008,2.1007250319235027,0.7008,2.1768768774345517
0.701,2.0981436134316027,0.701,2.1807490051724017
0.7012,2.1058878689073026,0.7012,2.1820397144183517
0.7014,2.1007250319235027,0.7014,2.1755861681886017
0.7016,2.1020157411694527,0.7016,2.1820397144183517
0.7018,2.0981436134316027,0.7018,2.1820397144183517
0.702,2.1058878689073026,0.702,2.1859118421562016
0.7022,2.1058878689073026,0.7022,2.1859118421562016
0.7024,2.1058878689073026,0.7024,2.1884932606481016
0.7026,2.1084692873992026,0.7026,2.1897839698940516
0.7028,2.1045971596613526,0.7028,2.1884932606481016
0.703,2.1084692873992026,0.703,2.1872025514021516
0.7032,2.1110507058911026,0.7032,2.1884932606481016
0.7034,2.1084692873992026,0.7034,2.1910746791400015
0.7036,2.1097599966451526,0.7036,2.1949468068778515
0.7038,2.1187949613668025,0.7038,2.1936560976319015
0.704,2.1162135428749025,0.704,2.1949468068778515
0.7042,2.1123414151370525,0.7042,2.1962375161238015
0.7044,2.1149228336289525,0.7044,2.1923653883859515
0.7046,2.1175042521208525,0.7046,2.1975282253697515
0.7048,2.1162135428749025,0.7048,2.2014003531076014
0.705,2.1239577983506024,0.705,2.2001096438616514
0.7052,2.1187949613668025,0.7052,2.2091446085833013
0.7054,2.1265392168425024,0.7054,2.2052724808454514
0.7056,2.1278299260884523,0.7056,2.2039817715995014
0.7058,2.1265392168425024,0.7058,2.2117260270752013
0.706,2.1265392168425024,0.706,2.2130167363211513
0.7062,2.1317020538263023,0.7062,2.2117260270752013
0.7064,2.1329927630722523,0.7064,2.2130167363211513
0.7066,2.1342834723182023,0.7066,2.2130167363211513
0.7068,2.1381556000560522,0.7068,2.2207609917968512
0.707,2.1368648908101022,0.707,2.2155981548130512
0.7072,2.1355741815641522,0.7072,2.2194702825509012
0.7074,2.1407370185479522,0.7074,2.2194702825509012
0.7076,2.1433184370398521,0.7076,2.2194702825509012
0.7078,2.1420277277939022,0.7078,2.2168888640590012
0.708,2.1420277277939022,0.708,2.2168888640590012
0.7082,2.1368648908101022,0.7082,2.2194702825509012
0.7084,2.1407370185479522,0.7084,2.2220517010428011
0.7086,2.1458998555317521,0.7086,2.231086665764451
0.7088,2.1458998555317521,0.7088,2.2220517010428011
0.709,2.1420277277939022,0.709,2.2272145380266011
0.7092,2.1381556000560522,0.7092,2.2220517010428011
0.7094,2.1446091462858021,0.7094,2.2246331195347011
0.7096,2.152353401761502,0.7096,2.2259238287806511
0.7098,2.1420277277939022,0.7098,2.2194702825509012
0.71,2.1471905647777021,0.71,2.2246331195347011
0.7102,2.1433184370398521,0.7102,2.2272145380266011
0.7104,2.1471905647777021,0.7104,2.2272145380266011
0.7106,2.1497719832696021,0.7106,2.2285052472725511
0.7108,2.1497719832696021,0.7108,2.233668084256351
0.711,2.1497719832696021,0.711,2.2259238287806511
0.7112,2.1471905647777021,0.7112,2.229795956518501
0.7114,2.151062692515552,0.7114,2.2272145380266011
0.7116,2.1458998555317521,0.7116,2.229795956518501
0.7118,2.1458998555317521,0.7118,2.2259238287806511
0.712,2.1484812740236521,0.712,2.2272145380266011
0.7122,2.1471905647777021,0.7122,2.2259238287806511
0.7124,2.1471905647777021,0.7124,2.2246331195347011
0.7126,2.1420277277939022,0.7126,2.2207609917968512
0.7128,2.1368648908101022,0.7128,2.2181795733049512
0.713,2.1433184370398521,0.713,2.2194702825509012
0.7132,2.1381556000560522,0.7132,2.2130167363211513
0.7134,2.1407370185479522,0.7134,2.2207609917968512
0.7136,2.1394463093020022,0.7136,2.2207609917968512
0.7138,2.1394463093020022,0.7138,2.2143074455671012
0.714,2.1394463093020022,0.714,2.2143074455671012
0.7142,2.1342834723182023,0.7142,2.2168888640590012
0.7144,2.1355741815641522,0.7144,2.2143074455671012
0.7146,2.1329927630722523,0.7146,2.2143074455671012
0.7148,2.1342834723182023,0.7148,2.2130167363211513
0.715,2.1317020538263023,0.715,2.2130167363211513
0.7152,2.1252485075965524,0.7152,2.2052724808454514
0.7154,2.1200856706127524,0.7154,2.2001096438616514
0.7156,2.1252485075965524,0.7156,2.2001096438616514
0.7158,2.1239577983506024,0.7158,2.2065631900914013
0.716,2.1213763798587024,0.716,2.1949468068778515
0.7162,2.1200856706127524,0.7162,2.1962375161238015
0.7164,2.1175042521208525,0.7164,2.2001096438616514
0.7166,2.1149228336289525,0.7166,2.2001096438616514
0.7168,2.1162135428749025,0.7168,2.1962375161238015
0.717,2.1123414151370525,0.717,2.1975282253697515
0.7172,2.1162135428749025,0.7172,2.1897839698940516
0.7174,2.1110507058911026,0.7174,2.1884932606481016
0.7176,2.1110507058911026,0.7176,2.1884932606481016
0.7178,2.1149228336289525,0.7178,2.1859118421562016
0.718,2.1084692873992026,0.718,2.1936560976319015
0.7182,2.1097599966451526,0.7182,2.1846211329102516
0.7184,2.1084692873992026,0.7184,2.1846211329102516
0.7186,2.1045971596613526,0.7186,2.1807490051724017
0.7188,2.1020157411694527,0.7188,2.1794582959264517
0.719,2.1020157411694527,0.719,2.1846211329102516
0.7192,2.1045971596613526,0.7192,2.1807490051724017
0.7194,2.1058878689073026,0.7194,2.1794582959264517
0.7196,2.1007250319235027,0.7196,2.1807490051724017
0.7198,2.1007250319235027,0.7198,2.1807490051724017
0.72,2.1033064504154027,0.72,2.1820397144183517
0.7202,2.0994343226775527,0.7202,2.1768768774345517
0.7204,2.0955621949397027,0.7204,2.1807490051724017
0.7206,2.1020157411694527,0.7206,2.1794582959264517
0.7208,2.1007250319235027,0.7208,2.1807490051724017
0.721,2.0994343226775527,0.721,2.1794582959264517
0.7212,2.0994343226775527,0.7212,2.1807490051724017
0.7214,2.1007250319235027,0.7214,2.1833304236643016
0.7216,2.1020157411694527,0.7216,2.1807490051724017
0.7218,2.1058878689073026,0.7218,2.1794582959264517
0.722,2.1033064504154027,0.722,2.1820397144183517
0.7222,2.1058878689073026,0.7222,2.1897839698940516
0.7224,2.1097599966451526,0.7224,2.1859118421562016
0.7226,2.1033064504154027,0.7226,2.1833304236643016
0.7228,2.1084692873992026,0.7228,2.1872025514021516
0.723,2.1071785781532526,0.723,2.1884932606481016
0.7232,2.1045971596613526,0.7232,2.1872025514021516
0.7234,2.1123414151370525,0.7234,2.1872025514021516
0.7236,2.1071785781532526,0.7236,2.1936560976319015
0.7238,2.1123414151370525,0.7238,2.1936560976319015
0.724,2.1175042521208525,0.724,2.1910746791400015
0.7242,2.1136321243830025,0.7242,2.1936560976319015
0.7244,2.1162135428749025,0.7244,2.1884932606481016
0.7246,2.1187949613668025,0.7246,2.2001096438616514
0.7248,2.1200856706127524,0.7248,2.2001096438616514
0.725,2.1226670891046524,0.725,2.2001096438616514
0.7252,2.1265392168425024,0.7252,2.2026910623535514
0.7254,2.1252485075965524,0.7254,2.2052724808454514
0.7256,2.1226670891046524,0.7256,2.2026910623535514
0.7258,2.1265392168425024,0.7258,2.2052724808454514
0.726,2.1265392168425024,0.726,2.2130167363211513
0.7262,2.1329927630722523,0.7262,2.2078538993373513
0.7264,2.1265392168425024,0.7264,2.2117260270752013
0.7266,2.1329927630722523,0.7266,2.2168888640590012
0.7268,2.1342834723182023,0.7268,2.2168888640590012
0.727,2.1329927630722523,0.727,2.2168888640590012
0.7272,2.1355741815641522,0.7272,2.2168888640590012
0.7274,2.1317020538263023,0.7274,2.2207609917968512
0.7276,2.1355741815641522,0.7276,2.2207609917968512
0.7278,2.1368648908101022,0.7278,2.2168888640590012
0.728,2.1407370185479522,0.728,2.2181795733049512
0.7282,2.1407370185479522,0.7282,2.2233424102887511
0.7284,2.1420277277939022,0.7284,2.2285052472725511
0.7286,2.1446091462858021,0.7286,2.2246331195347011
0.7288,2.1458998555317521,0.7288,2.2259238287806511
0.729,2.1471905647777021,0.729,2.2246331195347011
0.7292,2.1407370185479522,0.7292,2.2272145380266011
0.7294,2.1433184370398521,0.7294,2.2272145380266011
0.7296,2.1471905647777021,0.7296,2.2233424102887511
0.7298,2.1497719832696021,0.7298,2.229795956518501
0.73,2.1446091462858021,0.73,2.2272145380266011
0.7302,2.1458998555317521,0.7302,2.2246331195347011
0.7304,2.1484812740236521,0.7304,2.232377375010401
0.7306,2.1484812740236521,0.7306,2.2285052472725511
0.7308,2.151062692515552,0.7308,2.231086665764451
0.731,2.152353401761502,0.731,2.2285052472725511
0.7312,2.1484812740236521,0.7312,2.2259238287806511
0.7314,2.151062692515552,0.7314,2.2246331195347011
0.7316,2.153644111007452,0.7316,2.231086665764451
0.7318,2.1497719832696021,0.7318,2.2272145380266011
0.732,2.1433184370398521,0.732,2.2272145380266011
0.7322,2.1420277277939022,0.7322,2.2272145380266011
0.7324,2.1458998555317521,0.7324,2.2272145380266011
0.7326,2.1407370185479522,0.7326,2.2207609917968512
0.7328,2.1420277277939022,0.7328,2.2233424102887511
0.733,2.1420277277939022,0.733,2.2194702825509012
0.7332,2.1381556000560522,0.7332,2.2233424102887511
0.7334,2.1381556000560522,0.7334,2.2246331195347011
0.7336,2.1394463093020022,0.7336,2.2207609917968512
0.7338,2.1381556000560522,0.7338,2.2207609917968512
0.734,2.1342834723182023,0.734,2.2181795733049512
0.7342,2.1317020538263023,0.7342,2.2130167363211513
0.7344,2.1329927630722523,0.7344,2.2155981548130512
0.7346,2.1368648908101022,0.7346,2.2104353178292513
0.7348,2.1342834723182023,0.7348,2.2130167363211513
0.735,2.1265392168425024,0.735,2.2052724808454514
0.7352,2.1304113445803523,0.7352,2.2052724808454514
0.7354,2.1291206353344023,0.7354,2.2078538993373513
0.7356,2.1226670891046524,0.7356,2.2014003531076014
0.7358,2.1213763798587024,0.7358,2.2001096438616514
0.736,2.1187949613668025,0.736,2.2001096438616514
0.7362,2.1187949613668025,0.7362,2.1936560976319015
0.7364,2.1200856706127524,0.7364,2.1962375161238015
0.7366,2.1175042521208525,0.7366,2.1923653883859515
0.7368,2.1123414151370525,0.7368,2.1988189346157014
0.737,2.1110507058911026,0.737,2.1936560976319015
0.7372,2.1136321243830025,0.7372,2.1923653883859515
0.7374,2.1123414151370525,0.7374,2.1872025514021516
0.7376,2.1123414151370525,0.7376,2.1962375161238015
0.7378,2.1123414151370525,0.7378,2.1884932606481016
0.738,2.1097599966451526,0.738,2.1923653883859515
0.7382,2.1071785781532526,0.7382,2.1884932606481016
0.7384,2.1058878689073026,0.7384,2.1859118421562016
0.7386,2.1071785781532526,0.7386,2.1833304236643016
0.7388,2.1045971596613526,0.7388,2.1859118421562016
0.739,2.1033064504154027,0.739,2.1820397144183517
0.7392,2.1045971596613526,0.7392,2.1807490051724017
0.7394,2.1007250319235027,0.7394,2.1781675866805017
0.7396,2.1020157411694527,0.7396,2.1820397144183517
0.7398,2.1007250319235027,0.7398,2.1833304236643016
0.74,2.1033064504154027,0.74,2.1794582959264517
0.7402,2.0994343226775527,0.7402,2.1768768774345517
0.7404,2.1007250319235027,0.7404,2.1846211329102516
0.7406,2.1033064504154027,0.7406,2.1794582959264517
0.7408,2.0994343226775527,0.7408,2.1807490051724017
0.741,2.0994343226775527,0.741,2.1781675866805017
0.7412,2.1045971596613526,0.7412,2.1781675866805017
0.7414,2.0994343226775527,0.7414,2.1820397144183517
0.7416,2.1020157411694527,0.7416,2.1781675866805017
0.7418,2.1058878689073026,0.7418,2.1859118421562016
0.742,2.1084692873992026,0.742,2.1807490051724017
0.7422,2.1033064504154027,0.7422,2.1897839698940516
0.7424,2.1058878689073026,0.7424,2.1910746791400015
0.7426,2.1110507058911026,0.7426,2.1923653883859515
0.7428,2.1084692873992026,0.7428,2.1923653883859515
0.743,2.1045971596613526,0.743,2.1846211329102516
0.7432,2.1071785781532526,0.7432,2.1884932606481016
0.7434,2.1071785781532526,0.7434,2.1910746791400015
0.7436,2.1123414151370525,0.7436,2.1884932606481016
0.7438,2.1149228336289525,0.7438,2.1923653883859515
0.744,2.1200856706127524,0.744,2.1923653883859515
0.7442,2.1136321243830025,0.7442,2.1962375161238015
0.7444,2.1136321243830025,0.7444,2.1949468068778515
0.7446,2.1110507058911026,0.7446,2.1988189346157014
0.7448,2.1175042521208525,0.7448,2.2026910623535514
0.745,2.1239577983506024,0.745,2.2026910623535514
0.7452,2.1187949613668025,0.7452,2.2052724808454514
0.7454,2.1175042521208525,0.7454,2.2039817715995014
0.7456,2.1226670891046524,0.7456,2.2078538993373513
0.7458,2.1265392168425024,0.7458,2.2014003531076014
0.746,2.1291206353344023,0.746,2.2091446085833013
0.7462,2.1342834723182023,0.7462,2.2104353178292513
0.7464,2.1368648908101022,0.7464,2.2181795733049512
0.7466,2.1317020538263023,0.7466,2.2117260270752013
0.7468,2.1342834723182023,0.7468,2.2194702825509012
0.747,2.1368648908101022,0.747,2.2168888640590012
0.7472,2.1368648908101022,0.7472,2.2130167363211513
0.7474,2.1381556000560522,0.7474,2.2181795733049512
0.7476,2.1407370185479522,0.7476,2.2194702825509012
0.7478,2.1368648908101022,0.7478,2.2078538993373513
0.748,2.1381556000560522,0.748,2.2194702825509012
0.7482,2.1407370185479522,0.7482,2.2233424102887511
0.7484,2.1446091462858021,0.7484,2.2233424102887511
0.7486,2.1420277277939022,0.7486,2.2233424102887511
0.7488,2.1407370185479522,0.7488,2.2259238287806511
0.749,2.1433184370398521,0.749,2.2207609917968512
0.7492,2.1446091462858021,0.7492,2.2272145380266011
0.7494,2.1446091462858021,0.7494,2.2259238287806511
0.7496,2.1471905647777021,0.7496,2.233668084256351
0.7498,2.1484812740236521,0.7498,2.2285052472725511
0.75,2.1458998555317521,0.75,2.231086665764451
0.7502,2.1458998555317521,0.7502,2.2272145380266011
0.7504,2.1471905647777021,0.7504,2.229795956518501
0.7506,2.1497719832696021,0.7506,2.2259238287806511
0.7508,2.1420277277939022,0.7508,2.236249502748251
0.751,2.1458998555317521,0.751,2.2272145380266011
0.7512,2.1497719832696021,0.7512,2.2272145380266011
0.7514,2.1446091462858021,0.7514,2.231086665764451
0.7516,2.1484812740236521,0.7516,2.234958793502301
0.7518,2.1497719832696021,0.7518,2.2233424102887511
0.752,2.1446091462858021,0.752,2.2233424102887511
0.7522,2.1420277277939022,0.7522,2.2207609917968512
0.7524,2.1433184370398521,0.7524,2.2233424102887511
0.7526,2.1407370185479522,0.7526,2.2181795733049512
0.7528,2.1381556000560522,0.7528,2.2194702825509012
0.753,2.1407370185479522,0.753,2.2155981548130512
0.7532,2.1433184370398521,0.7532,2.2168888640590012
0.7534,2.1407370185479522,0.7534,2.2220517010428011
0.7536,2.1420277277939022,0.7536,2.2220517010428011
0.7538,2.1394463093020022,0.7538,2.2155981548130512
0.754,2.1368648908101022,0.754,2.2155981548130512
0.7542,2.1368648908101022,0.7542,2.2091446085833013
0.7544,2.1355741815641522,0.7544,2.2117260270752013
0.7546,2.1329927630722523,0.7546,2.2091446085833013
0.7548,2.1265392168425024,0.7548,2.2091446085833013
0.755,2.1329927630722523,0.755,2.2026910623535514
0.7552,2.1278299260884523,0.7552,2.2065631900914013
0.7554,2.1252485075965524,0.7554,2.2039817715995014
0.7556,2.1213763798587024,0.7556,2.2078538993373513
0.7558,2.1226670891046524,0.7558,2.2014003531076014
0.756,2.1200856706127524,0.756,2.2026910623535514
0.7562,2.1187949613668025,0.7562,2.2014003531076014
0.7564,2.1187949613668025,0.7564,2.1988189346157014
0.7566,2.1136321243830025,0.7566,2.1962375161238015
0.7568,2.1136321243830025,0.7568,2.2001096438616514
0.757,2.1149228336289525,0.757,2.1923653883859515
0.7572,2.1097599966451526,0.7572,2.1949468068778515
0.7574,2.1084692873992026,0.7574,2.1923653883859515
0.7576,2.1136321243830025,0.7576,2.1936560976319015
0.7578,2.1175042521208525,0.7578,2.1859118421562016
0.758,2.1123414151370525,0.758,2.1884932606481016
0.7582,2.1033064504154027,0.7582,2.1846211329102516
0.7584,2.1045971596613526,0.7584,2.1884932606481016
0.7586,2.1045971596613526,0.7586,2.1859118421562016
0.7588,2.0994343226775527,0.7588,2.1846211329102516
0.759,2.1045971596613526,0.759,2.1859118421562016
0.7592,2.1007250319235027,0.7592,2.1833304236643016
0.7594,2.1084692873992026,0.7594,2.1807490051724017
0.7596,2.1045971596613526,0.7596,2.1807490051724017
0.7598,2.0955621949397027,0.7598,2.1781675866805017
0.76,2.1033064504154027,0.76,2.1768768774345517
0.7602,2.0994343226775527,0.7602,2.1807490051724017
0.7604,2.1071785781532526,0.7604,2.1820397144183517
0.7606,2.1007250319235027,0.7606,2.1820397144183517
0.7608,2.0968529041856527,0.7608,2.1794582959264517
0.761,2.0994343226775527,0.761,2.1872025514021516
0.7612,2.1033064504154027,0.7612,2.1833304236643016
0.7614,2.1007250319235027,0.7614,2.1794582959264517
0.7616,2.1058878689073026,0.7616,2.1846211329102516
0.7618,2.0981436134316027,0.7618,2.1820397144183517
0.762,2.1058878689073026,0.762,2.1859118421562016
0.7622,2.1033064504154027,0.7622,2.1846211329102516
0.7624,2.1033064504154027,0.7624,2.1884932606481016
0.7626,2.1058878689073026,0.7626,2.1884932606481016
0.7628,2.1071785781532526,0.7628,2.1884932606481016
0.763,2.1084692873992026,0.763,2.1872025514021516
0.7632,2.1058878689073026,0.7632,2.1859118421562016
0.7634,2.1123414151370525,0.7634,2.1884932606481016
0.7636,2.1084692873992026,0.7636,2.1884932606481016
0.7638,2.1110507058911026,0.7638,2.1910746791400015
0.764,2.1110507058911026,0.764,2.1897839698940516
0.7642,2.1136321243830025,0.7642,2.1949468068778515
0.7644,2.1136321243830025,0.7644,2.1936560976319015
0.7646,2.1187949613668025,0.7646,2.1897839698940516
0.7648,2.1162135428749025,0.7648,2.1962375161238015
0.765,2.1200856706127524,0.765,2.2014003531076014
0.7652,2.1200856706127524,0.7652,2.1988189346157014
0.7654,2.1239577983506024,0.7654,2.2065631900914013
0.7656,2.1252485075965524,0.7656,2.1975282253697515
0.7658,2.1291206353344023,0.7658,2.2039817715995014
0.766,2.1278299260884523,0.766,2.2052724808454514
0.7662,2.1291206353344023,0.7662,2.2065631900914013
0.7664,2.1355741815641522,0.7664,2.2104353178292513
0.7666,2.1317020538263023,0.7666,2.2155981548130512
0.7668,2.1342834723182023,0.7668,2.2091446085833013
0.767,2.1329927630722523,0.767,2.2194702825509012
0.7672,2.1394463093020022,0.7672,2.2104353178292513
0.7674,2.1342834723182023,0.7674,2.2220517010428011
0.7676,2.1420277277939022,0.7676,2.2155981548130512
0.7678,2.1381556000560522,0.7678,2.2194702825509012
0.768,2.1381556000560522,0.768,2.2168888640590012
0.7682,2.1394463093020022,0.7682,2.2220517010428011
0.7684,2.1407370185479522,0.7684,2.2194702825509012
0.7686,2.1458998555317521,0.7686,2.2246331195347011
0.7688,2.1394463093020022,0.7688,2.2220517010428011
0.769,2.1458998555317521,0.769,2.2207609917968512
0.7692,2.1420277277939022,0.7692,2.2233424102887511
0.7694,2.1420277277939022,0.7694,2.2233424102887511
0.7696,2.1471905647777021,0.7696,2.232377375010401
0.7698,2.1471905647777021,0.7698,2.2220517010428011
0.77,2.1484812740236521,0.77,2.2220517010428011
0.7702,2.1471905647777021,0.7702,2.2259238287806511
0.7704,2.1497719832696021,0.7704,2.2220517010428011
0.7706,2.151062692515552,0.7706,2.231086665764451
0.7708,2.151062692515552,0.7708,2.2246331195347011
0.771,2.1497719832696021,0.771,2.2233424102887511
0.7712,2.151062692515552,0.7712,2.2246331195347011
0.7714,2.1433184370398521,0.7714,2.2272145380266011
0.7716,2.151062692515552,0.7716,2.231086665764451
0.7718,2.1420277277939022,0.7718,2.2285052472725511
0.772,2.1420277277939022,0.772,2.2233424102887511
0.7722,2.1471905647777021,0.7722,2.2259238287806511
0.7724,2.1394463093020022,0.7724,2.2181795733049512
0.7726,2.1381556000560522,0.7726,2.2233424102887511
0.7728,2.1407370185479522,0.7728,2.2233424102887511
0.773,2.1446091462858021,0.773,2.2207609917968512
0.7732,2.1368648908101022,0.7732,2.2194702825509012
0.7734,2.1381556000560522,0.7734,2.2143074455671012
0.7736,2.1368648908101022,0.7736,2.2143074455671012
0.7738,2.1342834723182023,0.7738,2.2143074455671012
0.774,2.1342834723182023,0.774,2.2181795733049512
0.7742,2.1381556000560522,0.7742,2.2155981548130512
0.7744,2.1381556000560522,0.7744,2.2091446085833013
0.7746,2.1355741815641522,0.7746,2.2117260270752013
0.7748,2.1329927630722523,0.7748,2.2117260270752013
0.775,2.1278299260884523,0.775,2.2078538993373513
0.7752,2.1291206353344023,0.7752,2.2039817715995014
0.7754,2.1226670891046524,0.7754,2.2039817715995014
0.7756,2.1278299260884523,0.7756,2.2001096438616514
0.7758,2.1252485075965524,0.7758,2.2001096438616514
0.776,2.1252485075965524,0.776,2.2014003531076014
0.7762,2.1187949613668025,0.7762,2.1923653883859515
0.7764,2.1187949613668025,0.7764,2.2026910623535514
0.7766,2.1149228336289525,0.7766,2.1936560976319015
0.7768,2.1175042521208525,0.7768,2.1949468068778515
0.777,2.1123414151370525,0.777,2.1962375161238015
0.7772,2.1097599966451526,0.7772,2.1872025514021516
0.7774,2.1097599966451526,0.7774,2.1884932606481016
0.7776,2.1071785781532526,0.7776,2.1846211329102516
0.7778,2.1110507058911026,0.7778,2.1884932606481016
0.778,2.1071785781532526,0.778,2.1910746791400015
0.7782,2.1058878689073026,0.7782,2.1910746791400015
0.7784,2.1071785781532526,0.7784,2.1820397144183517
0.7786,2.1045971596613526,0.7786,2.1820397144183517
0.7788,2.1071785781532526,0.7788,2.1833304236643016
0.779,2.1020157411694527,0.779,2.1884932606481016
0.7792,2.1045971596613526,0.7792,2.1807490051724017
0.7794,2.1020157411694527,0.7794,2.1833304236643016
0.7796,2.1020157411694527,0.7796,2.1755861681886017
0.7798,2.1058878689073026,0.7798,2.1820397144183517
0.78,2.1045971596613526,0.78,2.1807490051724017
0.7802,2.1020157411694527,0.7802,2.1846211329102516
0.7804,2.1033064504154027,0.7804,2.1833304236643016
0.7806,2.0955621949397027,0.7806,2.1833304236643016
0.7808,2.1020157411694527,0.7808,2.1833304236643016
0.781,2.1020157411694527,0.781,2.1820397144183517
0.7812,2.1033064504154027,0.7812,2.1781675866805017
0.7814,2.0994343226775527,0.7814,2.1807490051724017
0.7816,2.1007250319235027,0.7816,2.1846211329102516
0.7818,2.0994343226775527,0.7818,2.1807490051724017
0.782,2.1007250319235027,0.782,2.1833304236643016
0.7822,2.1033064504154027,0.7822,2.1872025514021516
0.7824,2.1045971596613526,0.7824,2.1820397144183517
0.7826,2.1097599966451526,0.7826,2.1910746791400015
0.7828,2.1084692873992026,0.7828,2.1897839698940516
0.783,2.1097599966451526,0.783,2.1910746791400015
0.7832,2.1071785781532526,0.7832,2.1897839698940516
0.7834,2.1110507058911026,0.7834,2.1936560976319015
0.7836,2.1136321243830025,0.7836,2.1936560976319015
0.7838,2.1110507058911026,0.7838,2.1936560976319015
0.784,2.1136321243830025,0.784,2.1936560976319015
0.7842,2.1149228336289525,0.7842,2.1975282253697515
0.7844,2.1136321243830025,0.7844,2.1949468068778515
0.7846,2.1084692873992026,0.7846,2.1962375161238015
0.7848,2.1187949613668025,0.7848,2.1975282253697515
0.785,2.1187949613668025,0.785,2.2014003531076014
0.7852,2.1200856706127524,0.7852,2.2026910623535514
0.7854,2.1291206353344023,0.7854,2.2026910623535514
0.7856,2.1252485075965524,0.7856,2.2117260270752013
0.7858,2.1317020538263023,0.7858,2.2104353178292513
0.786,2.1265392168425024,0.786,2.2091446085833013
0.7862,2.1278299260884523,0.7862,2.2065631900914013
0.7864,2.1304113445803523,0.7864,2.2130167363211513
0.7866,2.1317020538263023,0.7866,2.2130167363211513
0.7868,2.1355741815641522,0.7868,2.2143074455671012
0.787,2.1381556000560522,0.787,2.2143074455671012
0.7872,2.1355741815641522,0.7872,2.2155981548130512
0.7874,2.1407370185479522,0.7874,2.2168888640590012
0.7876,2.1407370185479522,0.7876,2.2168888640590012
0.7878,2.1394463093020022,0.7878,2.2181795733049512
0.788,2.1394463093020022,0.788,2.2168888640590012
0.7882,2.1355741815641522,0.7882,2.2220517010428011
0.7884,2.1433184370398521,0.7884,2.2246331195347011
0.7886,2.1433184370398521,0.7886,2.2285052472725511
0.7888,2.1433184370398521,0.7888,2.2233424102887511
0.789,2.1420277277939022,0.789,2.2207609917968512
0.7892,2.1471905647777021,0.7892,2.2272145380266011
0.7894,2.1446091462858021,0.7894,2.2272145380266011
0.7896,2.1420277277939022,0.7896,2.2207609917968512
0.7898,2.1458998555317521,0.7898,2.2259238287806511
0.79,2.1458998555317521,0.79,2.2272145380266011
0.7902,2.1497719832696021,0.7902,2.229795956518501
0.7904,2.152353401761502,0.7904,2.231086665764451
0.7906,2.1471905647777021,0.7906,2.2259238287806511
0.7908,2.1458998555317521,0.7908,2.2233424102887511
0.791,2.1497719832696021,0.791,2.231086665764451
0.7912,2.1484812740236521,0.7912,2.231086665764451
0.7914,2.1497719832696021,0.7914,2.2272145380266011
0.7916,2.1446091462858021,0.7916,2.2246331195347011
0.7918,2.1458998555317521,0.7918,2.2246331195347011
0.792,2.151062692515552,0.792,2.2246331195347011
0.7922,2.1458998555317521,0.7922,2.2233424102887511
0.7924,2.1407370185479522,0.7924,2.2220517010428011
0.7926,2.1407370185479522,0.7926,2.2246331195347011
0.7928,2.1394463093020022,0.7928,2.2181795733049512
0.793,2.1446091462858021,0.793,2.2207609917968512
0.7932,2.1420277277939022,0.7932,2.2220517010428011
0.7934,2.1420277277939022,0.7934,2.2155981548130512
0.7936,2.1394463093020022,0.7936,2.2155981548130512
0.7938,2.1368648908101022,0.7938,2.2155981548130512
0.794,2.1342834723182023,0.794,2.2155981548130512
0.7942,2.1317020538263023,0.7942,2.2168888640590012
0.7944,2.1342834723182023,0.7944,2.2155981548130512
0.7946,2.1342834723182023,0.7946,2.2091446085833013
0.7948,2.1304113445803523,0.7948,2.2052724808454514
0.795,2.1278299260884523,0.795,2.2130167363211513
0.7952,2.1213763798587024,0.7952,2.2039817715995014
0.7954,2.1291206353344023,0.7954,2.2026910623535514
0.7956,2.1213763798587024,0.7956,2.2026910623535514
0.7958,2.1187949613668025,0.7958,2.2014003531076014
0.796,2.1175042521208525,0.796,2.1988189346157014
0.7962,2.1162135428749025,0.7962,2.1975282253697515
0.7964,2.1187949613668025,0.7964,2.2001096438616514
0.7966,2.1175042521208525,0.7966,2.1949468068778515
0.7968,2.1162135428749025,0.7968,2.1910746791400015
0.797,2.1149228336289525,0.797,2.1936560976319015
0.7972,2.1123414151370525,0.7972,2.1949468068778515
0.7974,2.1097599966451526,0.7974,2.1923653883859515
0.7976,2.1084692873992026,0.7976,2.1884932606481016
0.7978,2.1149228336289525,0.7978,2.1936560976319015
0.798,2.1084692873992026,0.798,2.1872025514021516
0.7982,2.1084692873992026,0.7982,2.1949468068778515
0.7984,2.1071785781532526,0.7984,2.1872025514021516
0.7986,2.1071785781532526,0.7986,2.1859118421562016
0.7988,2.1045971596613526,0.7988,2.1820397144183517
0.799,2.1033064504154027,0.799,2.1833304236643016
0.7992,2.1007250319235027,0.7992,2.1846211329102516
0.7994,2.1045971596613526,0.7994,2.1820397144183517
0.7996,2.0981436134316027,0.7996,2.1820397144183517
0.7998,2.0994343226775527,0.7998,2.1833304236643016
0.8,2.1020157411694527,0.8,2.1833304236643016
0.8002,2.0994343226775527,0.8002,2.1755861681886017
0.8004,2.1045971596613526,0.8004,2.1807490051724017
0.8006,2.1045971596613526,0.8006,2.1794582959264517
0.8008,2.0968529041856527,0.8008,2.1846211329102516
0.801,2.1045971596613526,0.801,2.1781675866805017
0.8012,2.1020157411694527,0.8012,2.1884932606481016
0.8014,2.1020157411694527,0.8014,2.1846211329102516
0.8016,2.1007250319235027,0.8016,2.1884932606481016
0.8018,2.0994343226775527,0.8018,2.1807490051724017
0.802,2.1058878689073026,0.802,2.1820397144183517
0.8022,2.1033064504154027,0.8022,2.1833304236643016
0.8024,2.1007250319235027,0.8024,2.1884932606481016
0.8026,2.1033064504154027,0.8026,2.1872025514021516
0.8028,2.1084692873992026,0.8028,2.1859118421562016
0.803,2.1071785781532526,0.803,2.1884932606481016
0.8032,2.1097599966451526,0.8032,2.1859118421562016
0.8034,2.1071785781532526,0.8034,2.1859118421562016
0.8036,2.1084692873992026,0.8036,2.1962375161238015
0.8038,2.1084692873992026,0.8038,2.1910746791400015
0.804,2.1149228336289525,0.804,2.1962375161238015
0.8042,2.1187949613668025,0.8042,2.1962375161238015
0.8044,2.1110507058911026,0.8044,2.1949468068778515
0.8046,2.1123414151370525,0.8046,2.1949468068778515
0.8048,2.1226670891046524,0.8048,2.1988189346157014
0.805,2.1187949613668025,0.805,2.1975282253697515
0.8052,2.1226670891046524,0.8052,2.2001096438616514
0.8054,2.1213763798587024,0.8054,2.2001096438616514
0.8056,2.1239577983506024,0.8056,2.2078538993373513
0.8058,2.1252485075965524,0.8058,2.2039817715995014
0.806,2.1239577983506024,0.806,2.2104353178292513
0.8062,2.1291206353344023,0.8062,2.2117260270752013
0.8064,2.1304113445803523,0.8064,2.2130167363211513
0.8066,2.1342834723182023,0.8066,2.2130167363211513
0.8068,2.1329927630722523,0.8068,2.2168888640590012
0.807,2.1342834723182023,0.807,2.2194702825509012
0.8072,2.1368648908101022,0.8072,2.2207609917968512
0.8074,2.1394463093020022,0.8074,2.2207609917968512
0.8076,2.1420277277939022,0.8076,2.2194702825509012
0.8078,2.1407370185479522,0.8078,2.2130167363211513
0.808,2.1420277277939022,0.808,2.2246331195347011
0.8082,2.1394463093020022,0.8082,2.2207609917968512
0.8084,2.1433184370398521,0.8084,2.2285052472725511
0.8086,2.1458998555317521,0.8086,2.2246331195347011
0.8088,2.1446091462858021,0.8088,2.2207609917968512
0.809,2.1420277277939022,0.809,2.2259238287806511
0.8092,2.1420277277939022,0.8092,2.2207609917968512
0.8094,2.1458998555317521,0.8094,2.2246331195347011
0.8096,2.1471905647777021,0.8096,2.2259238287806511
0.8098,2.151062692515552,0.8098,2.231086665764451
0.81,2.1497719832696021,0.81,2.2246331195347011
0.8102,2.1484812740236521,0.8102,2.2272145380266011
0.8104,2.1471905647777021,0.8104,2.2272145380266011
0.8106,2.1484812740236521,0.8106,2.231086665764451
0.8108,2.1471905647777021,0.8108,2.229795956518501
0.811,2.1484812740236521,0.811,2.2272145380266011
0.8112,2.1471905647777021,0.8112,2.229795956518501
0.8114,2.1497719832696021,0.8114,2.229795956518501
0.8116,2.1497719832696021,0.8116,2.2259238287806511
0.8118,2.151062692515552,0.8118,2.2285052472725511
0.812,2.1458998555317521,0.812,2.229795956518501
0.8122,2.1484812740236521,0.8122,2.2220517010428011
0.8124,2.1407370185479522,0.8124,2.2207609917968512
0.8126,2.1433184370398521,0.8126,2.2168888640590012
0.8128,2.1446091462858021,0.8128,2.2181795733049512
0.813,2.1394463093020022,0.813,2.2181795733049512
0.8132,2.1394463093020022,0.8132,2.2181795733049512
0.8134,2.1446091462858021,0.8134,2.2194702825509012
0.8136,2.1355741815641522,0.8136,2.2181795733049512
0.8138,2.1368648908101022,0.8138,2.2181795733049512
0.814,2.1342834723182023,0.814,2.2143074455671012
0.8142,2.1394463093020022,0.8142,2.2117260270752013
0.8144,2.1304113445803523,0.8144,2.2155981548130512
0.8146,2.1329927630722523,0.8146,2.2168888640590012
0.8148,2.1317020538263023,0.8148,2.2078538993373513
0.815,2.1342834723182023,0.815,2.2091446085833013
0.8152,2.1278299260884523,0.8152,2.2026910623535514
0.8154,2.1317020538263023,0.8154,2.2039817715995014
0.8156,2.1213763798587024,0.8156,2.2001096438616514
0.8158,2.1226670891046524,0.8158,2.1988189346157014
0.816,2.1265392168425024,0.816,2.2001096438616514
0.8162,2.1200856706127524,0.8162,2.1962375161238015
0.8164,2.1200856706127524,0.8164,2.1975282253697515
0.8166,2.1200856706127524,0.8166,2.1949468068778515
0.8168,2.1149228336289525,0.8168,2.1949468068778515
0.817,2.1110507058911026,0.817,2.1884932606481016
0.8172,2.1123414151370525,0.8172,2.1949468068778515
0.8174,2.1149228336289525,0.8174,2.1897839698940516
0.8176,2.1084692873992026,0.8176,2.1884932606481016
0.8178,2.1097599966451526,0.8178,2.1859118421562016
0.818,2.1110507058911026,0.818,2.1897839698940516
0.8182,2.1097599966451526,0.8182,2.1859118421562016
0.8184,2.1058878689073026,0.8184,2.1872025514021516
0.8186,2.1058878689073026,0.8186,2.1833304236643016
0.8188,2.1045971596613526,0.8188,2.1820397144183517
0.819,2.1020157411694527,0.819,2.1820397144183517
0.8192,2.1020157411694527,0.8192,2.1846211329102516
0.8194,2.1045971596613526,0.8194,2.1859118421562016
0.8196,2.1020157411694527,0.8196,2.1755861681886017
0.8198,2.1045971596613526,0.8198,2.1833304236643016
0.82,2.1045971596613526,0.82,2.1755861681886017
0.8202,2.1020157411694527,0.8202,2.1807490051724017
0.8204,2.1007250319235027,0.8204,2.1781675866805017
0.8206,2.0994343226775527,0.8206,2.1807490051724017
0.8208,2.1045971596613526,0.8208,2.1820397144183517
0.821,2.1007250319235027,0.821,2.1820397144183517
0.8212,2.1033064504154027,0.8212,2.1859118421562016
0.8214,2.1020157411694527,0.8214,2.1846211329102516
0.8216,2.0994343226775527,0.8216,2.1781675866805017
0.8218,2.0981436134316027,0.8218,2.1820397144183517
0.822,2.1084692873992026,0.822,2.1833304236643016
0.8222,2.1084692873992026,0.8222,2.1846211329102516
0.8224,2.1058878689073026,0.8224,2.1833304236643016
0.8226,2.1110507058911026,0.8226,2.1897839698940516
0.8228,2.1084692873992026,0.8228,2.1936560976319015
0.823,2.1136321243830025,0.823,2.1872025514021516
0.8232,2.1136321243830025,0.8232,2.1872025514021516
0.8234,2.1123414151370525,0.8234,2.1949468068778515
0.8236,2.1097599966451526,0.8236,2.1897839698940516
0.8238,2.1162135428749025,0.8238,2.1923653883859515
0.824,2.1097599966451526,0.824,2.1923653883859515
0.8242,2.1097599966451526,0.8242,2.1975282253697515
0.8244,2.1123414151370525,0.8244,2.1975282253697515
0.8246,2.1149228336289525,0.8246,2.1975282253697515
0.8248,2.1200856706127524,0.8248,2.2001096438616514
0.825,2.1200856706127524,0.825,2.1988189346157014
0.8252,2.1200856706127524,0.8252,2.2052724808454514
0.8254,2.1265392168425024,0.8254,2.2039817715995014
0.8256,2.1265392168425024,0.8256,2.2065631900914013
0.8258,2.1291206353344023,0.8258,2.2091446085833013
0.826,2.1239577983506024,0.826,2.2078538993373513
0.8262,2.1252485075965524,0.8262,2.2130167363211513
0.8264,2.1342834723182023,0.8264,2.2117260270752013
0.8266,2.1355741815641522,0.8266,2.2168888640590012
0.8268,2.1355741815641522,0.8268,2.2168888640590012
0.827,2.1355741815641522,0.827,2.2168888640590012
0.8272,2.1394463093020022,0.8272,2.2233424102887511
0.8274,2.1394463093020022,0.8274,2.2194702825509012
0.8276,2.1407370185479522,0.8276,2.2220517010428011
0.8278,2.1342834723182023,0.8278,2.2207609917968512
0.828,2.1420277277939022,0.828,2.2220517010428011
0.8282,2.1407370185479522,0.8282,2.2246331195347011
0.8284,2.1433184370398521,0.8284,2.2207609917968512
0.8286,2.1484812740236521,0.8286,2.229795956518501
0.8288,2.1407370185479522,0.8288,2.2259238287806511
0.829,2.1458998555317521,0.829,2.2220517010428011
0.8292,2.1420277277939022,0.8292,2.229795956518501
0.8294,2.1484812740236521,0.8294,2.2233424102887511
0.8296,2.1446091462858021,0.8296,2.2259238287806511
0.8298,2.1446091462858021,0.8298,2.233668084256351
0.83,2.1446091462858021,0.83,2.231086665764451
0.8302,2.1484812740236521,0.8302,2.2246331195347011
0.8304,2.1484812740236521,0.8304,2.2272145380266011
0.8306,2.1471905647777021,0.8306,2.229795956518501
0.8308,2.1471905647777021,0.8308,2.2285052472725511
0.831,2.1458998555317521,0.831,2.2285052472725511
0.8312,2.1497719832696021,0.8312,2.2285052472725511
0.8314,2.1484812740236521,0.8314,2.2233424102887511
0.8316,2.151062692515552,0.8316,2.2272145380266011
0.8318,2.152353401761502,0.8318,2.2259238287806511
0.832,2.1433184370398521,0.832,2.2246331195347011
0.8322,2.1394463093020022,0.8322,2.2272145380266011
0.8324,2.1355741815641522,0.8324,2.2194702825509012
0.8326,2.1407370185479522,0.8326,2.2168888640590012
0.8328,2.1368648908101022,0.8328,2.2155981548130512
0.833,2.1458998555317521,0.833,2.2246331195347011
0.8332,2.1394463093020022,0.8332,2.2181795733049512
0.8334,2.1420277277939022,0.8334,2.2168888640590012
0.8336,2.1381556000560522,0.8336,2.2168888640590012
0.8338,2.1355741815641522,0.8338,2.2181795733049512
0.834,2.1355741815641522,0.834,2.2194702825509012
0.8342,2.1368648908101022,0.8342,2.2065631900914013
0.8344,2.1304113445803523,0.8344,2.2104353178292513
0.8346,2.1381556000560522,0.8346,2.2117260270752013
0.8348,2.1342834723182023,0.8348,2.2065631900914013
0.835,2.1317020538263023,0.835,2.2065631900914013
0.8352,2.1252485075965524,0.8352,2.2039817715995014
0.8354,2.1252485075965524,0.8354,2.2078538993373513
0.8356,2.1291206353344023,0.8356,2.2052724808454514
0.8358,2.1175042521208525,0.8358,2.2026910623535514
0.836,2.1213763798587024,0.836,2.2001096438616514
0.8362,2.1213763798587024,0.8362,2.1975282253697515
0.8364,2.1162135428749025,0.8364,2.1988189346157014
0.8366,2.1175042521208525,0.8366,2.1897839698940516
0.8368,2.1200856706127524,0.8368,2.1923653883859515
0.837,2.1175042521208525,0.837,2.1923653883859515
0.8372,2.1136321243830025,0.8372,2.1897839698940516
0.8374,2.1110507058911026,0.8374,2.1923653883859515
0.8376,2.1084692873992026,0.8376,2.1910746791400015
0.8378,2.1071785781532526,0.8378,2.1872025514021516
0.838,2.1110507058911026,0.838,2.1923653883859515
0.8382,2.1058878689073026,0.8382,2.1872025514021516
0.8384,2.1123414151370525,0.8384,2.1846211329102516
0.8386,2.1058878689073026,0.8386,2.1846211329102516
0.8388,2.1071785781532526,0.8388,2.1872025514021516
0.839,2.1045971596613526,0.839,2.1833304236643016
0.8392,2.1007250319235027,0.8392,2.1794582959264517
0.8394,2.1033064504154027,0.8394,2.1833304236643016
0.8396,2.0994343226775527,0.8396,2.1794582959264517
0.8398,2.1033064504154027,0.8398,2.1859118421562016
0.84,2.0968529041856527,0.84,2.1833304236643016
0.8402,2.0981436134316027,0.8402,2.1820397144183517
0.8404,2.0981436134316027,0.8404,2.1833304236643016
0.8406,2.1007250319235027,0.8406,2.1781675866805017
0.8408,2.1007250319235027,0.8408,2.1807490051724017
0.841,2.0994343226775527,0.841,2.1859118421562016
0.8412,2.0968529041856527,0.8412,2.1872025514021516
0.8414,2.1033064504154027,0.8414,2.1794582959264517
0.8416,2.1020157411694527,0.8416,2.1833304236643016
0.8418,2.0994343226775527,0.8418,2.1884932606481016
0.842,2.1084692873992026,0.842,2.1846211329102516
0.8422,2.0994343226775527,0.8422,2.1833304236643016
0.8424,2.1071785781532526,0.8424,2.1872025514021516
0.8426,2.1097599966451526,0.8426,2.1897839698940516
0.8428,2.1123414151370525,0.8428,2.1923653883859515
0.843,2.1123414151370525,0.843,2.1910746791400015
0.8432,2.1110507058911026,0.8432,2.1923653883859515
0.8434,2.1097599966451526,0.8434,2.1923653883859515
0.8436,2.1149228336289525,0.8436,2.1910746791400015
0.8438,2.1123414151370525,0.8438,2.1923653883859515
0.844,2.1097599966451526,0.844,2.1962375161238015
0.8442,2.1123414151370525,0.8442,2.1910746791400015
0.8444,2.1162135428749025,0.8444,2.1949468068778515
0.8446,2.1162135428749025,0.8446,2.1962375161238015
0.8448,2.1187949613668025,0.8448,2.1949468068778515
0.845,2.1200856706127524,0.845,2.2026910623535514
0.8452,2.1149228336289525,0.8452,2.2078538993373513
0.8454,2.1213763798587024,0.8454,2.2065631900914013
0.8456,2.1265392168425024,0.8456,2.2039817715995014
0.8458,2.1278299260884523,0.8458,2.2078538993373513
0.846,2.1304113445803523,0.846,2.2091446085833013
0.8462,2.1265392168425024,0.8462,2.2143074455671012
0.8464,2.1291206353344023,0.8464,2.2130167363211513
0.8466,2.1304113445803523,0.8466,2.2130167363211513
0.8468,2.1329927630722523,0.8468,2.2104353178292513
0.847,2.1342834723182023,0.847,2.2155981548130512
0.8472,2.1355741815641522,0.8472,2.2168888640590012
0.8474,2.1381556000560522,0.8474,2.2143074455671012
0.8476,2.1381556000560522,0.8476,2.2194702825509012
0.8478,2.1381556000560522,0.8478,2.2168888640590012
0.848,2.1342834723182023,0.848,2.2168888640590012
0.8482,2.1394463093020022,0.8482,2.2220517010428011
0.8484,2.1420277277939022,0.8484,2.2272145380266011
0.8486,2.1407370185479522,0.8486,2.2285052472725511
0.8488,2.1458998555317521,0.8488,2.2233424102887511
0.849,2.1446091462858021,0.849,2.2220517010428011
0.8492,2.1420277277939022,0.8492,2.2259238287806511
0.8494,2.1484812740236521,0.8494,2.229795956518501
0.8496,2.1484812740236521,0.8496,2.2285052472725511
0.8498,2.1420277277939022,0.8498,2.2259238287806511
0.85,2.1407370185479522,0.85,2.2246331195347011
0.8502,2.1446091462858021,0.8502,2.2272145380266011
0.8504,2.1458998555317521,0.8504,2.2233424102887511
0.8506,2.1471905647777021,0.8506,2.2272145380266011
0.8508,2.1471905647777021,0.8508,2.229795956518501
0.851,2.1446091462858021,0.851,2.2246331195347011
0.8512,2.1458998555317521,0.8512,2.2285052472725511
0.8514,2.1458998555317521,0.8514,2.2233424102887511
0.8516,2.1458998555317521,0.8516,2.2285052472725511
0.8518,2.1446091462858021,0.8518,2.2246331195347011
0.852,2.1484812740236521,0.852,2.2220517010428011
0.8522,2.1484812740236521,0.8522,2.2207609917968512
0.8524,2.1446091462858021,0.8524,2.2194702825509012
0.8526,2.1381556000560522,0.8526,2.2207609917968512
0.8528,2.1420277277939022,0.8528,2.2207609917968512
0.853,2.1407370185479522,0.853,2.2220517010428011
0.8532,2.1381556000560522,0.8532,2.2155981548130512
0.8534,2.1394463093020022,0.8534,2.2143074455671012
0.8536,2.1394463093020022,0.8536,2.2143074455671012
0.8538,2.1381556000560522,0.8538,2.2155981548130512
0.854,2.1394463093020022,0.854,2.2104353178292513
0.8542,2.1291206353344023,0.8542,2.2155981548130512
0.8544,2.1329927630722523,0.8544,2.2207609917968512
0.8546,2.1291206353344023,0.8546,2.2130167363211513
0.8548,2.1342834723182023,0.8548,2.2052724808454514
0.855,2.1239577983506024,0.855,2.2104353178292513
0.8552,2.1278299260884523,0.8552,2.2026910623535514
0.8554,2.1200856706127524,0.8554,2.2104353178292513
0.8556,2.1226670891046524,0.8556,2.2052724808454514
0.8558,2.1200856706127524,0.8558,2.2026910623535514
0.856,2.1200856706127524,0.856,2.2026910623535514
0.8562,2.1162135428749025,0.8562,2.2014003531076014
0.8564,2.1162135428749025,0.8564,2.1975282253697515
0.8566,2.1136321243830025,0.8566,2.2014003531076014
0.8568,2.1162135428749025,0.8568,2.1936560976319015
0.857,2.1162135428749025,0.857,2.1936560976319015
0.8572,2.1123414151370525,0.8572,2.1897839698940516
0.8574,2.1136321243830025,0.8574,2.1884932606481016
0.8576,2.1084692873992026,0.8576,2.1923653883859515
0.8578,2.1084692873992026,0.8578,2.1884932606481016
0.858,2.1058878689073026,0.858,2.1923653883859515
0.8582,2.1084692873992026,0.8582,2.1897839698940516
0.8584,2.1071785781532526,0.8584,2.1846211329102516
0.8586,2.1033064504154027,0.8586,2.1833304236643016
0.8588,2.1033064504154027,0.8588,2.1846211329102516
0.859,2.1071785781532526,0.859,2.1846211329102516
0.8592,2.1020157411694527,0.8592,2.1781675866805017
0.8594,2.1045971596613526,0.8594,2.1794582959264517
0.8596,2.1020157411694527,0.8596,2.1742954589426517
0.8598,2.0981436134316027,0.8598,2.1768768774345517
0.86,2.1007250319235027,0.86,2.1742954589426517
0.8602,2.1007250319235027,0.8602,2.1833304236643016
0.8604,2.1045971596613526,0.8604,2.1794582959264517
0.8606,2.1033064504154027,0.8606,2.1846211329102516
0.8608,2.1007250319235027,0.8608,2.1820397144183517
0.861,2.1007250319235027,0.861,2.1807490051724017
0.8612,2.0955621949397027,0.8612,2.1833304236643016
0.8614,2.0994343226775527,0.8614,2.1846211329102516
0.8616,2.0994343226775527,0.8616,2.1768768774345517
0.8618,2.0994343226775527,0.8618,2.1781675866805017
0.862,2.1045971596613526,0.862,2.1884932606481016
0.8622,2.1007250319235027,0.8622,2.1872025514021516
0.8624,2.1071785781532526,0.8624,2.1833304236643016
0.8626,2.1020157411694527,0.8626,2.1884932606481016
0.8628,2.1071785781532526,0.8628,2.1897839698940516
0.863,2.1071785781532526,0.863,2.1859118421562016
0.8632,2.1084692873992026,0.8632,2.1897839698940516
0.8634,2.1084692873992026,0.8634,2.1936560976319015
0.8636,2.1097599966451526,0.8636,2.1910746791400015
0.8638,2.1136321243830025,0.8638,2.1923653883859515
0.864,2.1110507058911026,0.864,2.1936560976319015
0.8642,2.1097599966451526,0.8642,2.1897839698940516
0.8644,2.1162135428749025,0.8644,2.1988189346157014
0.8646,2.1175042521208525,0.8646,2.1962375161238015
0.8648,2.1149228336289525,0.8648,2.2039817715995014
0.865,2.1149228336289525,0.865,2.2078538993373513
0.8652,2.1239577983506024,0.8652,2.2001096438616514
0.8654,2.1187949613668025,0.8654,2.2065631900914013
0.8656,2.1265392168425024,0.8656,2.2014003531076014
0.8658,2.1239577983506024,0.8658,2.2117260270752013
0.866,2.1304113445803523,0.866,2.2065631900914013
0.8662,2.1317020538263023,0.8662,2.2130167363211513
0.8664,2.1278299260884523,0.8664,2.2130167363211513
0.8666,2.1329927630722523,0.8666,2.2168888640590012
0.8668,2.1329927630722523,0.8668,2.2155981548130512
0.867,2.1291206353344023,0.867,2.2130167363211513
0.8672,2.1342834723182023,0.8672,2.2207609917968512
0.8674,2.1355741815641522,0.8674,2.2155981548130512
0.8676,2.1368648908101022,0.8676,2.2194702825509012
0.8678,2.1394463093020022,0.8678,2.2181795733049512
0.868,2.1355741815641522,0.868,2.2259238287806511
0.8682,2.1394463093020022,0.8682,2.231086665764451
0.8684,2.1433184370398521,0.8684,2.2207609917968512
0.8686,2.1446091462858021,0.8686,2.2259238287806511
0.8688,2.1446091462858021,0.8688,2.2207609917968512
0.869,2.1420277277939022,0.869,2.2285052472725511
0.8692,2.1407370185479522,0.8692,2.2285052472725511
0.8694,2.1446091462858021,0.8694,2.2272145380266011
0.8696,2.1471905647777021,0.8696,2.2272145380266011
0.8698,2.1458998555317521,0.8698,2.2285052472725511
0.87,2.1471905647777021,0.87,2.2272145380266011
0.8702,2.1446091462858021,0.8702,2.2272145380266011
0.8704,2.1497719832696021,0.8704,2.2233424102887511
0.8706,2.1458998555317521,0.8706,2.2285052472725511
0.8708,2.1458998555317521,0.8708,2.2285052472725511
0.871,2.1458998555317521,0.871,2.2259238287806511
0.8712,2.1484812740236521,0.8712,2.232377375010401
0.8714,2.1484812740236521,0.8714,2.2233424102887511
0.8716,2.1458998555317521,0.8716,2.2259238287806511
0.8718,2.1484812740236521,0.8718,2.2233424102887511
0.872,2.1420277277939022,0.872,2.2246331195347011
0.8722,2.1433184370398521,0.8722,2.2259238287806511
0.8724,2.1458998555317521,0.8724,2.2233424102887511
0.8726,2.1368648908101022,0.8726,2.2220517010428011
0.8728,2.1458998555317521,0.8728,2.2220517010428011
0.873,2.1407370185479522,0.873,2.2207609917968512
0.8732,2.1407370185479522,0.8732,2.2143074455671012
0.8734,2.1407370185479522,0.8734,2.2246331195347011
0.8736,2.1420277277939022,0.8736,2.2155981548130512
0.8738,2.1342834723182023,0.8738,2.2155981548130512
0.874,2.1317020538263023,0.874,2.2130167363211513
0.8742,2.1317020538263023,0.8742,2.2168888640590012
0.8744,2.1368648908101022,0.8744,2.2143074455671012
0.8746,2.1381556000560522,0.8746,2.2155981548130512
0.8748,2.1342834723182023,0.8748,2.2052724808454514
0.875,2.1291206353344023,0.875,2.2052724808454514
0.8752,2.1239577983506024,0.8752,2.2104353178292513
0.8754,2.1213763798587024,0.8754,2.1975282253697515
0.8756,2.1239577983506024,0.8756,2.2091446085833013
0.8758,2.1278299260884523,0.8758,2.2052724808454514
0.876,2.1226670891046524,0.876,2.2001096438616514
0.8762,2.1200856706127524,0.8762,2.2001096438616514
0.8764,2.1162135428749025,0.8764,2.2001096438616514
0.8766,2.1175042521208525,0.8766,2.1936560976319015
0.8768,2.1123414151370525,0.8768,2.1962375161238015
0.877,2.1149228336289525,0.877,2.1923653883859515
0.8772,2.1149228336289525,0.8772,2.1936560976319015
0.8774,2.1123414151370525,0.8774,2.1884932606481016
0.8776,2.1071785781532526,0.8776,2.1949468068778515
0.8778,2.1071785781532526,0.8778,2.1936560976319015
0.878,2.1071785781532526,0.878,2.1884932606481016
0.8782,2.1058878689073026,0.8782,2.1884932606481016
0.8784,2.1058878689073026,0.8784,2.1846211329102516
0.8786,2.1045971596613526,0.8786,2.1846211329102516
0.8788,2.1058878689073026,0.8788,2.1833304236643016
0.879,2.1045971596613526,0.879,2.1807490051724017
0.8792,2.1020157411694527,0.8792,2.1846211329102516
0.8794,2.1007250319235027,0.8794,2.1859118421562016
0.8796,2.1007250319235027,0.8796,2.1781675866805017
0.8798,2.1020157411694527,0.8798,2.1794582959264517
0.88,2.0981436134316027,0.88,2.1820397144183517
0.8802,2.1020157411694527,0.8802,2.1833304236643016
0.8804,2.1045971596613526,0.8804,2.1859118421562016
0.8806,2.0981436134316027,0.8806,2.1794582959264517
0.8808,2.0994343226775527,0.8808,2.1794582959264517
0.881,2.1045971596613526,0.881,2.1833304236643016
0.8812,2.1020157411694527,0.8812,2.1833304236643016
0.8814,2.1007250319235027,0.8814,2.1833304236643016
0.8816,2.1045971596613526,0.8816,2.1807490051724017
0.8818,2.1020157411694527,0.8818,2.1794582959264517
0.882,2.1084692873992026,0.882,2.1820397144183517
0.8822,2.1058878689073026,0.8822,2.1859118421562016
0.8824,2.1033064504154027,0.8824,2.1923653883859515
0.8826,2.1097599966451526,0.8826,2.1884932606481016
0.8828,2.1084692873992026,0.8828,2.1846211329102516
0.883,2.1071785781532526,0.883,2.1859118421562016
0.8832,2.1136321243830025,0.8832,2.1897839698940516
0.8834,2.1123414151370525,0.8834,2.1884932606481016
0.8836,2.1084692873992026,0.8836,2.1923653883859515
0.8838,2.1110507058911026,0.8838,2.1872025514021516
0.884,2.1162135428749025,0.884,2.1962375161238015
0.8842,2.1149228336289525,0.8842,2.2001096438616514
0.8844,2.1149228336289525,0.8844,2.1975282253697515
0.8846,2.1149228336289525,0.8846,2.1897839698940516
0.8848,2.1162135428749025,0.8848,2.1975282253697515
0.885,2.1162135428749025,0.885,2.1975282253697515
0.8852,2.1278299260884523,0.8852,2.2052724808454514
0.8854,2.1213763798587024,0.8854,2.2052724808454514
0.8856,2.1265392168425024,0.8856,2.2065631900914013
0.8858,2.1291206353344023,0.8858,2.2078538993373513
0.886,2.1278299260884523,0.886,2.2104353178292513
0.8862,2.1265392168425024,0.8862,2.2104353178292513
0.8864,2.1278299260884523,0.8864,2.2130167363211513
0.8866,2.1317020538263023,0.8866,2.2155981548130512
0.8868,2.1317020538263023,0.8868,2.2130167363211513
0.887,2.1342834723182023,0.887,2.2155981548130512
0.8872,2.1342834723182023,0.8872,2.2181795733049512
0.8874,2.1394463093020022,0.8874,2.2155981548130512
0.8876,2.1355741815641522,0.8876,2.2181795733049512
0.8878,2.1394463093020022,0.8878,2.2194702825509012
0.888,2.1342834723182023,0.888,2.2168888640590012
0.8882,2.1407370185479522,0.8882,2.2194702825509012
0.8884,2.1446091462858021,0.8884,2.2233424102887511
0.8886,2.1458998555317521,0.8886,2.2246331195347011
0.8888,2.1484812740236521,0.8888,2.2233424102887511
0.889,2.1458998555317521,0.889,2.2194702825509012
0.8892,2.1471905647777021,0.8892,2.2233424102887511
0.8894,2.1471905647777021,0.8894,2.2246331195347011
0.8896,2.1471905647777021,0.8896,2.2259238287806511
0.8898,2.1458998555317521,0.8898,2.231086665764451
0.89,2.1458998555317521,0.89,2.2272145380266011
0.8902,2.1458998555317521,0.8902,2.2285052472725511
0.8904,2.1484812740236521,0.8904,2.229795956518501
0.8906,2.1471905647777021,0.8906,2.2272145380266011
0.8908,2.1471905647777021,0.8908,2.2272145380266011
0.891,2.1471905647777021,0.891,2.2259238287806511
0.8912,2.1458998555317521,0.8912,2.2272145380266011
0.8914,2.1471905647777021,0.8914,2.231086665764451
0.8916,2.1407370185479522,0.8916,2.2272145380266011
0.8918,2.1381556000560522,0.8918,2.2285052472725511
0.892,2.1484812740236521,0.892,2.231086665764451
0.8922,2.151062692515552,0.8922,2.2220517010428011
0.8924,2.1433184370398521,0.8924,2.2207609917968512
0.8926,2.1446091462858021,0.8926,2.2233424102887511
0.8928,2.1433184370398521,0.8928,2.2246331195347011
0.893,2.1394463093020022,0.893,2.2194702825509012
0.8932,2.1407370185479522,0.8932,2.2220517010428011
0.8934,2.1420277277939022,0.8934,2.2143074455671012
0.8936,2.1381556000560522,0.8936,2.2130167363211513
0.8938,2.1355741815641522,0.8938,2.2155981548130512
0.894,2.1355741815641522,0.894,2.2207609917968512
0.8942,2.1381556000560522,0.8942,2.2155981548130512
0.8944,2.1342834723182023,0.8944,2.2130167363211513
0.8946,2.1317020538263023,0.8946,2.2181795733049512
0.8948,2.1342834723182023,0.8948,2.2168888640590012
0.895,2.1291206353344023,0.895,2.2078538993373513
0.8952,2.1278299260884523,0.8952,2.2052724808454514
0.8954,2.1239577983506024,0.8954,2.2026910623535514
0.8956,2.1226670891046524,0.8956,2.2052724808454514
0.8958,2.1200856706127524,0.8958,2.2001096438616514
0.896,2.1226670891046524,0.896,2.2039817715995014
0.8962,2.1252485075965524,0.8962,2.2001096438616514
0.8964,2.1200856706127524,0.8964,2.2001096438616514
0.8966,2.1187949613668025,0.8966,2.1936560976319015
0.8968,2.1149228336289525,0.8968,2.1975282253697515
0.897,2.1136321243830025,0.897,2.1923653883859515
0.8972,2.1162135428749025,0.8972,2.1910746791400015
0.8974,2.1097599966451526,0.8974,2.1923653883859515
0.8976,2.1097599966451526,0.8976,2.1923653883859515
0.8978,2.1136321243830025,0.8978,2.1936560976319015
0.898,2.1084692873992026,0.898,2.1923653883859515
0.8982,2.1097599966451526,0.8982,2.1884932606481016
0.8984,2.1097599966451526,0.8984,2.1820397144183517
0.8986,2.1097599966451526,0.8986,2.1872025514021516
0.8988,2.1058878689073026,0.8988,2.1846211329102516
0.899,2.1058878689073026,0.899,2.1846211329102516
0.8992,2.1020157411694527,0.8992,2.1872025514021516
0.8994,2.1033064504154027,0.8994,2.1833304236643016
0.8996,2.1033064504154027,0.8996,2.1846211329102516
0.8998,2.1058878689073026,0.8998,2.1755861681886017
0.9,2.0981436134316027,0.9,2.1833304236643016
0.9002,2.1020157411694527,0.9002,2.1884932606481016
0.9004,2.1020157411694527,0.9004,2.1794582959264517
0.9006,2.1020157411694527,0.9006,2.1833304236643016
0.9008,2.0968529041856527,0.9008,2.1820397144183517
0.901,2.1058878689073026,0.901,2.1833304236643016
0.9012,2.0994343226775527,0.9012,2.1833304236643016
0.9014,2.1033064504154027,0.9014,2.1872025514021516
0.9016,2.1020157411694527,0.9016,2.1833304236643016
0.9018,2.1045971596613526,0.9018,2.1833304236643016
0.902,2.1020157411694527,0.902,2.1884932606481016
0.9022,2.1058878689073026,0.9022,2.1807490051724017
0.9024,2.1033064504154027,0.9024,2.1859118421562016
0.9026,2.1110507058911026,0.9026,2.1884932606481016
0.9028,2.1110507058911026,0.9028,2.1936560976319015
0.903,2.1084692873992026,0.903,2.1988189346157014
0.9032,2.1097599966451526,0.9032,2.1897839698940516
0.9034,2.1149228336289525,0.9034,2.1949468068778515
0.9036,2.1136321243830025,0.9036,2.1923653883859515
0.9038,2.1123414151370525,0.9038,2.1975282253697515
0.904,2.1162135428749025,0.904,2.1923653883859515
0.9042,2.1136321243830025,0.9042,2.1962375161238015
0.9044,2.1175042521208525,0.9044,2.1936560976319015
0.9046,2.1136321243830025,0.9046,2.2014003531076014
0.9048,2.1175042521208525,0.9048,2.2001096438616514
0.905,2.1175042521208525,0.905,2.2014003531076014
0.9052,2.1265392168425024,0.9052,2.2052724808454514
0.9054,2.1213763798587024,0.9054,2.2039817715995014
0.9056,2.1252485075965524,0.9056,2.2026910623535514
0.9058,2.1317020538263023,0.9058,2.2039817715995014
0.906,2.1252485075965524,0.906,2.2052724808454514
0.9062,2.1278299260884523,0.9062,2.2143074455671012
0.9064,2.1304113445803523,0.9064,2.2143074455671012
0.9066,2.1368648908101022,0.9066,2.2104353178292513
0.9068,2.1329927630722523,0.9068,2.2155981548130512
0.907,2.1368648908101022,0.907,2.2181795733049512
0.9072,2.1368648908101022,0.9072,2.2168888640590012
0.9074,2.1381556000560522,0.9074,2.2155981548130512
0.9076,2.1368648908101022,0.9076,2.2194702825509012
0.9078,2.1407370185479522,0.9078,2.2155981548130512
0.908,2.1407370185479522,0.908,2.2168888640590012
0.9082,2.1368648908101022,0.9082,2.2246331195347011
0.9084,2.1433184370398521,0.9084,2.2246331195347011
0.9086,2.1420277277939022,0.9086,2.2272145380266011
0.9088,2.1446091462858021,0.9088,2.2246331195347011
0.909,2.1446091462858021,0.909,2.2246331195347011
0.9092,2.1458998555317521,0.9092,2.2272145380266011
0.9094,2.1471905647777021,0.9094,2.2259238287806511
0.9096,2.1446091462858021,0.9096,2.229795956518501
0.9098,2.1458998555317521,0.9098,2.229795956518501
0.91,2.1433184370398521,0.91,2.234958793502301
0.9102,2.1458998555317521,0.9102,2.232377375010401
0.9104,2.1484812740236521,0.9104,2.2285052472725511
0.9106,2.1484812740236521,0.9106,2.229795956518501
0.9108,2.1484812740236521,0.9108,2.2272145380266011
0.911,2.151062692515552,0.911,2.229795956518501
0.9112,2.1484812740236521,0.9112,2.2246331195347011
0.9114,2.152353401761502,0.9114,2.229795956518501
0.9116,2.1458998555317521,0.9116,2.2272145380266011
0.9118,2.1497719832696021,0.9118,2.2272145380266011
0.912,2.1446091462858021,0.912,2.2246331195347011
0.9122,2.1497719832696021,0.9122,2.2285052472725511
0.9124,2.1484812740236521,0.9124,2.2246331195347011
0.9126,2.1407370185479522,0.9126,2.2194702825509012
0.9128,2.1394463093020022,0.9128,2.2233424102887511
0.913,2.1394463093020022,0.913,2.2181795733049512
0.9132,2.1420277277939022,0.9132,2.2168888640590012
0.9134,2.1420277277939022,0.9134,2.2246331195347011
0.9136,2.1433184370398521,0.9136,2.2194702825509012
0.9138,2.1368648908101022,0.9138,2.2194702825509012
0.914,2.1381556000560522,0.914,2.2155981548130512
0.9142,2.1304113445803523,0.9142,2.2155981548130512
0.9144,2.1317020538263023,0.9144,2.2168888640590012
0.9146,2.1368648908101022,0.9146,2.2130167363211513
0.9148,2.1342834723182023,0.9148,2.2104353178292513
0.915,2.1265392168425024,0.915,2.2078538993373513
0.9152,2.1278299260884523,0.9152,2.2014003531076014
0.9154,2.1265392168425024,0.9154,2.2001096438616514
0.9156,2.1175042521208525,0.9156,2.2014003531076014
0.9158,2.1252485075965524,0.9158,2.2039817715995014
0.916,2.1213763798587024,0.916,2.2039817715995014
0.9162,2.1200856706127524,0.9162,2.1962375161238015
0.9164,2.1175042521208525,0.9164,2.2001096438616514
0.9166,2.1162135428749025,0.9166,2.1975282253697515
0.9168,2.1149228336289525,0.9168,2.2014003531076014
0.917,2.1149228336289525,0.917,2.1949468068778515
0.9172,2.1149228336289525,0.9172,2.1949468068778515
0.9174,2.1084692873992026,0.9174,2.1936560976319015
0.9176,2.1084692873992026,0.9176,2.1910746791400015
0.9178,2.1071785781532526,0.9178,2.1949468068778515
0.918,2.1097599966451526,0.918,2.1923653883859515
0.9182,2.1084692873992026,0.9182,2.1923653883859515
0.9184,2.1045971596613526,0.9184,2.1846211329102516
0.9186,2.1058878689073026,0.9186,2.1807490051724017
0.9188,2.1071785781532526,0.9188,2.1859118421562016
0.919,2.1045971596613526,0.919,2.1833304236643016
0.9192,2.1045971596613526,0.9192,2.1820397144183517
0.9194,2.1045971596613526,0.9194,2.1859118421562016
0.9196,2.1007250319235027,0.9196,2.1846211329102516
0.9198,2.1007250319235027,0.9198,2.1859118421562016
0.92,2.1020157411694527,0.92,2.1807490051724017
0.9202,2.1020157411694527,0.9202,2.1846211329102516
0.9204,2.1020157411694527,0.9204,2.1884932606481016
0.9206,2.0981436134316027,0.9206,2.1781675866805017
0.9208,2.1020157411694527,0.9208,2.1807490051724017
0.921,2.1007250319235027,0.921,2.1768768774345517
0.9212,2.1033064504154027,0.9212,2.1794582959264517
0.9214,2.1020157411694527,0.9214,2.1846211329102516
0.9216,2.1045971596613526,0.9216,2.1833304236643016
0.9218,2.1033064504154027,0.9218,2.1820397144183517
0.922,2.1071785781532526,0.922,2.1872025514021516
0.9222,2.1045971596613526,0.9222,2.1846211329102516
0.9224,2.1020157411694527,0.9224,2.1846211329102516
0.9226,2.0994343226775527,0.9226,2.1859118421562016
0.9228,2.1045971596613526,0.9228,2.1884932606481016
0.923,2.1071785781532526,0.923,2.1872025514021516
0.9232,2.1097599966451526,0.9232,2.1833304236643016
0.9234,2.1097599966451526,0.9234,2.1936560976319015
0.9236,2.1097599966451526,0.9236,2.1872025514021516
0.9238,2.1136321243830025,0.9238,2.1923653883859515
0.924,2.1123414151370525,0.924,2.1897839698940516
0.9242,2.1162135428749025,0.9242,2.1975282253697515
0.9244,2.1162135428749025,0.9244,2.1936560976319015
0.9246,2.1149228336289525,0.9246,2.1949468068778515
0.9248,2.1175042521208525,0.9248,2.1962375161238015
0.925,2.1187949613668025,0.925,2.2001096438616514
0.9252,2.1226670891046524,0.9252,2.2065631900914013
0.9254,2.1252485075965524,0.9254,2.2026910623535514
0.9256,2.1265392168425024,0.9256,2.2026910623535514
0.9258,2.1265392168425024,0.9258,2.2091446085833013
0.926,2.1304113445803523,0.926,2.2078538993373513
0.9262,2.1278299260884523,0.9262,2.2143074455671012
0.9264,2.1265392168425024,0.9264,2.2130167363211513
0.9266,2.1329927630722523,0.9266,2.2117260270752013
0.9268,2.1342834723182023,0.9268,2.2246331195347011
0.927,2.1368648908101022,0.927,2.2143074455671012
0.9272,2.1342834723182023,0.9272,2.2207609917968512
0.9274,2.1394463093020022,0.9274,2.2194702825509012
0.9276,2.1394463093020022,0.9276,2.2168888640590012
0.9278,2.1368648908101022,0.9278,2.2207609917968512
0.928,2.1407370185479522,0.928,2.2168888640590012
0.9282,2.1394463093020022,0.9282,2.2233424102887511
0.9284,2.1407370185479522,0.9284,2.2246331195347011
0.9286,2.1420277277939022,0.9286,2.232377375010401
0.9288,2.1394463093020022,0.9288,2.2259238287806511
0.929,2.1446091462858021,0.929,2.2285052472725511
0.9292,2.1497719832696021,0.9292,2.229795956518501
0.9294,2.1420277277939022,0.9294,2.229795956518501
0.9296,2.1394463093020022,0.9296,2.2272145380266011
0.9298,2.1433184370398521,0.9298,2.2285052472725511
0.93,2.1484812740236521,0.93,2.2272145380266011
0.9302,2.1433184370398521,0.9302,2.2246331195347011
0.9304,2.151062692515552,0.9304,2.2259238287806511
0.9306,2.1497719832696021,0.9306,2.231086665764451
0.9308,2.1458998555317521,0.9308,2.229795956518501
0.931,2.1471905647777021,0.931,2.231086665764451
0.9312,2.1446091462858021,0.9312,2.2285052472725511
0.9314,2.1484812740236521,0.9314,2.2285052472725511
0.9316,2.153644111007452,0.9316,2.2233424102887511
0.9318,2.1484812740236521,0.9318,2.234958793502301
0.932,2.1484812740236521,0.932,2.2285052472725511
0.9322,2.1433184370398521,0.9322,2.2233424102887511
0.9324,2.1458998555317521,0.9324,2.2168888640590012
0.9326,2.1446091462858021,0.9326,2.2233424102887511
0.9328,2.1420277277939022,0.9328,2.2194702825509012
0.933,2.1433184370398521,0.933,2.2259238287806511
0.9332,2.1381556000560522,0.9332,2.2207609917968512
0.9334,2.1368648908101022,0.9334,2.2207609917968512
0.9336,2.1407370185479522,0.9336,2.2194702825509012
0.9338,2.1329927630722523,0.9338,2.2233424102887511
0.934,2.1355741815641522,0.934,2.2194702825509012
0.9342,2.1304113445803523,0.9342,2.2168888640590012
0.9344,2.1342834723182023,0.9344,2.2143074455671012
0.9346,2.1317020538263023,0.9346,2.2143074455671012
0.9348,2.1304113445803523,0.9348,2.2104353178292513
0.935,2.1265392168425024,0.935,2.2065631900914013
0.9352,2.1291206353344023,0.9352,2.2078538993373513
0.9354,2.1239577983506024,0.9354,2.2039817715995014
0.9356,2.1265392168425024,0.9356,2.2052724808454514
0.9358,2.1252485075965524,0.9358,2.2014003531076014
0.936,2.1239577983506024,0.936,2.2026910623535514
0.9362,2.1187949613668025,0.9362,2.2026910623535514
0.9364,2.1200856706127524,0.9364,2.1975282253697515
0.9366,2.1200856706127524,0.9366,2.1962375161238015
0.9368,2.1097599966451526,0.9368,2.1923653883859515
0.937,2.1123414151370525,0.937,2.1936560976319015
0.9372,2.1110507058911026,0.9372,2.1949468068778515
0.9374,2.1071785781532526,0.9374,2.1923653883859515
0.9376,2.1071785781532526,0.9376,2.1923653883859515
0.9378,2.1045971596613526,0.9378,2.1923653883859515
0.938,2.1084692873992026,0.938,2.1884932606481016
0.9382,2.1084692873992026,0.9382,2.1923653883859515
0.9384,2.1084692873992026,0.9384,2.1859118421562016
0.9386,2.1071785781532526,0.9386,2.1833304236643016
0.9388,2.1045971596613526,0.9388,2.1859118421562016
0.939,2.1071785781532526,0.939,2.1833304236643016
0.9392,2.1045971596613526,0.9392,2.1807490051724017
0.9394,2.1071785781532526,0.9394,2.1833304236643016
0.9396,2.1071785781532526,0.9396,2.1833304236643016
0.9398,2.0994343226775527,0.9398,2.1820397144183517
0.94,2.1033064504154027,0.94,2.1794582959264517
0.9402,2.1033064504154027,0.9402,2.1807490051724017
0.9404,2.0968529041856527,0.9404,2.1820397144183517
0.9406,2.0994343226775527,0.9406,2.1820397144183517
0.9408,2.1007250319235027,0.9408,2.1872025514021516
0.941,2.1007250319235027,0.941,2.1794582959264517
0.9412,2.0981436134316027,0.9412,2.1833304236643016
0.9414,2.0981436134316027,0.9414,2.1833304236643016
0.9416,2.0994343226775527,0.9416,2.1872025514021516
0.9418,2.0994343226775527,0.9418,2.1781675866805017
0.942,2.1007250319235027,0.942,2.1859118421562016
0.9422,2.1084692873992026,0.9422,2.1859118421562016
0.9424,2.1020157411694527,0.9424,2.1910746791400015
0.9426,2.1071785781532526,0.9426,2.1923653883859515
0.9428,2.1071785781532526,0.9428,2.1936560976319015
0.943,2.1071785781532526,0.943,2.1949468068778515
0.9432,2.1071785781532526,0.9432,2.1936560976319015
0.9434,2.1097599966451526,0.9434,2.1936560976319015
0.9436,2.1136321243830025,0.9436,2.1833304236643016
0.9438,2.1071785781532526,0.9438,2.2001096438616514
0.944,2.1110507058911026,0.944,2.1988189346157014
0.9442,2.1136321243830025,0.9442,2.1936560976319015
0.9444,2.1175042521208525,0.9444,2.1910746791400015
0.9446,2.1162135428749025,0.9446,2.1949468068778515
0.9448,2.1136321243830025,0.9448,2.1975282253697515
0.945,2.1226670891046524,0.945,2.2026910623535514
0.9452,2.1226670891046524,0.9452,2.2091446085833013
0.9454,2.1187949613668025,0.9454,2.2078538993373513
0.9456,2.1252485075965524,0.9456,2.2065631900914013
0.9458,2.1239577983506024,0.9458,2.2143074455671012
0.946,2.1291206353344023,0.946,2.2104353178292513
0.9462,2.1252485075965524,0.9462,2.2130167363211513
0.9464,2.1304113445803523,0.9464,2.2143074455671012
0.9466,2.1342834723182023,0.9466,2.2143074455671012
0.9468,2.1304113445803523,0.9468,2.2143074455671012
0.947,2.1355741815641522,0.947,2.2207609917968512
0.9472,2.1394463093020022,0.9472,2.2155981548130512
0.9474,2.1407370185479522,0.9474,2.2207609917968512
0.9476,2.1368648908101022,0.9476,2.2143074455671012
0.9478,2.1446091462858021,0.9478,2.2181795733049512
0.948,2.1355741815641522,0.948,2.2181795733049512
0.9482,2.1394463093020022,0.9482,2.2259238287806511
0.9484,2.1458998555317521,0.9484,2.2246331195347011
0.9486,2.1433184370398521,0.9486,2.2220517010428011
0.9488,2.1420277277939022,0.9488,2.2259238287806511
0.949,2.1433184370398521,0.949,2.232377375010401
0.9492,2.1446091462858021,0.9492,2.2259238287806511
0.9494,2.1497719832696021,0.9494,2.229795956518501
0.9496,2.1458998555317521,0.9496,2.234958793502301
0.9498,2.1458998555317521,0.9498,2.2285052472725511
0.95,2.1497719832696021,0.95,2.229795956518501
0.9502,2.1446091462858021,0.9502,2.2272145380266011
0.9504,2.1497719832696021,0.9504,2.232377375010401
0.9506,2.152353401761502,0.9506,2.2233424102887511
0.9508,2.1446091462858021,0.9508,2.232377375010401
0.951,2.1471905647777021,0.951,2.2233424102887511
0.9512,2.1497719832696021,0.9512,2.2285052472725511
0.9514,2.1484812740236521,0.9514,2.229795956518501
0.9516,2.1420277277939022,0.9516,2.2272145380266011
0.9518,2.1471905647777021,0.9518,2.2259238287806511
0.952,2.1433184370398521,0.952,2.2285052472725511
0.9522,2.1458998555317521,0.9522,2.2259238287806511
0.9524,2.1420277277939022,0.9524,2.2207609917968512
0.9526,2.1407370185479522,0.9526,2.2259238287806511
0.9528,2.1381556000560522,0.9528,2.2220517010428011
0.953,2.1394463093020022,0.953,2.2233424102887511
0.9532,2.1394463093020022,0.9532,2.2246331195347011
0.9534,2.1394463093020022,0.9534,2.2117260270752013
0.9536,2.1446091462858021,0.9536,2.2117260270752013
0.9538,2.1355741815641522,0.9538,2.2168888640590012
0.954,2.1368648908101022,0.954,2.2155981548130512
0.9542,2.1368648908101022,0.9542,2.2207609917968512
0.9544,2.1355741815641522,0.9544,2.2143074455671012
0.9546,2.1329927630722523,0.9546,2.2078538993373513
0.9548,2.1355741815641522,0.9548,2.2117260270752013
0.955,2.1304113445803523,0.955,2.2065631900914013
0.9552,2.1329927630722523,0.9552,2.2052724808454514
0.9554,2.1226670891046524,0.9554,2.2052724808454514
0.9556,2.1265392168425024,0.9556,2.2001096438616514
0.9558,2.1239577983506024,0.9558,2.2065631900914013
0.956,2.1239577983506024,0.956,2.2052724808454514
0.9562,2.1213763798587024,0.9562,2.2039817715995014
0.9564,2.1187949613668025,0.9564,2.2014003531076014
0.9566,2.1136321243830025,0.9566,2.1988189346157014
0.9568,2.1200856706127524,0.9568,2.1962375161238015
0.957,2.1123414151370525,0.957,2.1897839698940516
0.9572,2.1084692873992026,0.9572,2.1910746791400015
0.9574,2.1123414151370525,0.9574,2.1884932606481016
0.9576,2.1097599966451526,0.9576,2.1897839698940516
0.9578,2.1123414151370525,0.9578,2.1910746791400015
0.958,2.1084692873992026,0.958,2.1949468068778515
0.9582,2.1097599966451526,0.9582,2.1859118421562016
0.9584,2.1084692873992026,0.9584,2.1872025514021516
0.9586,2.1045971596613526,0.9586,2.1884932606481016
0.9588,2.1058878689073026,0.9588,2.1833304236643016
0.959,2.1020157411694527,0.959,2.1794582959264517
0.9592,2.1045971596613526,0.9592,2.1807490051724017
0.9594,2.1071785781532526,0.9594,2.1872025514021516
0.9596,2.1033064504154027,0.9596,2.1833304236643016
0.9598,2.1033064504154027,0.9598,2.1846211329102516
0.96,2.1007250319235027,0.96,2.1859118421562016
0.9602,2.0981436134316027,0.9602,2.1781675866805017
0.9604,2.0994343226775527,0.9604,2.1859118421562016
0.9606,2.1033064504154027,0.9606,2.1820397144183517
0.9608,2.1058878689073026,0.9608,2.1768768774345517
0.961,2.1033064504154027,0.961,2.1884932606481016
0.9612,2.1020157411694527,0.9612,2.1794582959264517
0.9614,2.0981436134316027,0.9614,2.1846211329102516
0.9616,2.1007250319235027,0.9616,2.1820397144183517
0.9618,2.1020157411694527,0.9618,2.1833304236643016
0.962,2.1058878689073026,0.962,2.1859118421562016
0.9622,2.1045971596613526,0.9622,2.1859118421562016
0.9624,2.1084692873992026,0.9624,2.1846211329102516
0.9626,2.1084692873992026,0.9626,2.1936560976319015
0.9628,2.1110507058911026,0.9628,2.1846211329102516
0.963,2.1071785781532526,0.963,2.1884932606481016
0.9632,2.1123414151370525,0.9632,2.1910746791400015
0.9634,2.1097599966451526,0.9634,2.1936560976319015
0.9636,2.1123414151370525,0.9636,2.1897839698940516
0.9638,2.1123414151370525,0.9638,2.1949468068778515
0.964,2.1149228336289525,0.964,2.1988189346157014
0.9642,2.1149228336289525,0.9642,2.1988189346157014
0.9644,2.1162135428749025,0.9644,2.1936560976319015
0.9646,2.1175042521208525,0.9646,2.1936560976319015
0.9648,2.1136321243830025,0.9648,2.1936560976319015
0.965,2.1226670891046524,0.965,2.2026910623535514
0.9652,2.1252485075965524,0.9652,2.1988189346157014
0.9654,2.1252485075965524,0.9654,2.2078538993373513
0.9656,2.1239577983506024,0.9656,2.2014003531076014
0.9658,2.1239577983506024,0.9658,2.2039817715995014
0.966,2.1329927630722523,0.966,2.2078538993373513
0.9662,2.1278299260884523,0.9662,2.2104353178292513
0.9664,2.1304113445803523,0.9664,2.2104353178292513
0.9666,2.1342834723182023,0.9666,2.2143074455671012
0.9668,2.1355741815641522,0.9668,2.2130167363211513
0.967,2.1407370185479522,0.967,2.2143074455671012
0.9672,2.1329927630722523,0.9672,2.2155981548130512
0.9674,2.1368648908101022,0.9674,2.2194702825509012
0.9676,2.1368648908101022,0.9676,2.2246331195347011
0.9678,2.1394463093020022,0.9678,2.2194702825509012
0.968,2.1381556000560522,0.968,2.2181795733049512
0.9682,2.1407370185479522,0.9682,2.2194702825509012
0.9684,2.1407370185479522,0.9684,2.2259238287806511
0.9686,2.1458998555317521,0.9686,2.2246331195347011
0.9688,2.1446091462858021,0.9688,2.2272145380266011
0.969,2.1484812740236521,0.969,2.2259238287806511
0.9692,2.151062692515552,0.9692,2.2233424102887511
0.9694,2.1446091462858021,0.9694,2.232377375010401
0.9696,2.1471905647777021,0.9696,2.2233424102887511
0.9698,2.1471905647777021,0.9698,2.2285052472725511
0.97,2.1471905647777021,0.97,2.232377375010401
0.9702,2.1497719832696021,0.9702,2.2272145380266011
0.9704,2.1420277277939022,0.9704,2.2375402119942009
0.9706,2.1484812740236521,0.9706,2.2285052472725511
0.9708,2.1458998555317521,0.9708,2.2285052472725511
0.971,2.152353401761502,0.971,2.2285052472725511
0.9712,2.1458998555317521,0.9712,2.2272145380266011
0.9714,2.1471905647777021,0.9714,2.2220517010428011
0.9716,2.1471905647777021,0.9716,2.2220517010428011
0.9718,2.1497719832696021,0.9718,2.2285052472725511
0.972,2.1484812740236521,0.972,2.2259238287806511
0.9722,2.1471905647777021,0.9722,2.2246331195347011
0.9724,2.1458998555317521,0.9724,2.2285052472725511
0.9726,2.1446091462858021,0.9726,2.2194702825509012
0.9728,2.1407370185479522,0.9728,2.2207609917968512
0.973,2.1446091462858021,0.973,2.2130167363211513
0.9732,2.1407370185479522,0.9732,2.2220517010428011
0.9734,2.1394463093020022,0.9734,2.2194702825509012
0.9736,2.1368648908101022,0.9736,2.2207609917968512
0.9738,2.1342834723182023,0.9738,2.2143074455671012
0.974,2.1342834723182023,0.974,2.2155981548130512
0.9742,2.1381556000560522,0.9742,2.2155981548130512
0.9744,2.1329927630722523,0.9744,2.2155981548130512
0.9746,2.1342834723182023,0.9746,2.2104353178292513
0.9748,2.1317020538263023,0.9748,2.2104353178292513
0.975,2.1291206353344023,0.975,2.2065631900914013
0.9752,2.1278299260884523,0.9752,2.2065631900914013
0.9754,2.1239577983506024,0.9754,2.2052724808454514
0.9756,2.1278299260884523,0.9756,2.2039817715995014
0.9758,2.1213763798587024,0.9758,2.2014003531076014
0.976,2.1213763798587024,0.976,2.2091446085833013
0.9762,2.1200856706127524,0.9762,2.1975282253697515
0.9764,2.1149228336289525,0.9764,2.1962375161238015
0.9766,2.1187949613668025,0.9766,2.1923653883859515
0.9768,2.1187949613668025,0.9768,2.1988189346157014
0.977,2.1123414151370525,0.977,2.1975282253697515
0.9772,2.1084692873992026,0.9772,2.1910746791400015
0.9774,2.1084692873992026,0.9774,2.1910746791400015
0.9776,2.1071785781532526,0.9776,2.1872025514021516
0.9778,2.1084692873992026,0.9778,2.1884932606481016
0.978,2.1123414151370525,0.978,2.1884932606481016
0.9782,2.1136321243830025,0.9782,2.1910746791400015
0.9784,2.1084692873992026,0.9784,2.1923653883859515
0.9786,2.1097599966451526,0.9786,2.1872025514021516
0.9788,2.1058878689073026,0.9788,2.1859118421562016
0.979,2.1058878689073026,0.979,2.1872025514021516
0.9792,2.1045971596613526,0.9792,2.1820397144183517
0.9794,2.1007250319235027,0.9794,2.1884932606481016
0.9796,2.1033064504154027,0.9796,2.1872025514021516
0.9798,2.1033064504154027,0.9798,2.1846211329102516
0.98,2.1020157411694527,0.98,2.1807490051724017
0.9802,2.1045971596613526,0.9802,2.1820397144183517
0.9804,2.1033064504154027,0.9804,2.1872025514021516
0.9806,2.1007250319235027,0.9806,2.1807490051724017
0.9808,2.1020157411694527,0.9808,2.1872025514021516
0.981,2.1033064504154027,0.981,2.1807490051724017
0.9812,2.1020157411694527,0.9812,2.1833304236643016
0.9814,2.1007250319235027,0.9814,2.1820397144183517
0.9816,2.1020157411694527,0.9816,2.1820397144183517
0.9818,2.1071785781532526,0.9818,2.1807490051724017
0.982,2.1045971596613526,0.982,2.1910746791400015
0.9822,2.1033064504154027,0.9822,2.1884932606481016
0.9824,2.1033064504154027,0.9824,2.1884932606481016
0.9826,2.1045971596613526,0.9826,2.1897839698940516
0.9828,2.1058878689073026,0.9828,2.1910746791400015
0.983,2.1084692873992026,0.983,2.1833304236643016
0.9832,2.1084692873992026,0.9832,2.1910746791400015
0.9834,2.1149228336289525,0.9834,2.1910746791400015
0.9836,2.1084692873992026,0.9836,2.1936560976319015
0.9838,2.1084692873992026,0.9838,2.1897839698940516
0.984,2.1175042521208525,0.984,2.1962375161238015
0.9842,2.1110507058911026,0.9842,2.1949468068778515
0.9844,2.1149228336289525,0.9844,2.1962375161238015
0.9846,2.1175042521208525,0.9846,2.1975282253697515
0.9848,2.1175042521208525,0.9848,2.1988189346157014
0.985,2.1175042521208525,0.985,2.2078538993373513
0.9852,2.1226670891046524,0.9852,2.2065631900914013
0.9854,2.1226670891046524,0.9854,2.2091446085833013
0.9856,2.1278299260884523,0.9856,2.2026910623535514
0.9858,2.1278299260884523,0.9858,2.2091446085833013
0.986,2.1252485075965524,0.986,2.2065631900914013
0.9862,2.1291206353344023,0.9862,2.2117260270752013
0.9864,2.1304113445803523,0.9864,2.2143074455671012
0.9866,2.1355741815641522,0.9866,2.2155981548130512
0.9868,2.1342834723182023,0.9868,2.2143074455671012
0.987,2.1342834723182023,0.987,2.2168888640590012
0.9872,2.1342834723182023,0.9872,2.2181795733049512
0.9874,2.1342834723182023,0.9874,2.2233424102887511
0.9876,2.1355741815641522,0.9876,2.2220517010428011
0.9878,2.1394463093020022,0.9878,2.2259238287806511
0.988,2.1446091462858021,0.988,2.2207609917968512
0.9882,2.1407370185479522,0.9882,2.2233424102887511
0.9884,2.1433184370398521,0.9884,2.2246331195347011
0.9886,2.1433184370398521,0.9886,2.2246331195347011
0.9888,2.1446091462858021,0.9888,2.2233424102887511
0.989,2.1458998555317521,0.989,2.2246331195347011
0.9892,2.1471905647777021,0.9892,2.2285052472725511
0.9894,2.1446091462858021,0.9894,2.2233424102887511
0.9896,2.1458998555317521,0.9896,2.231086665764451
0.9898,2.1471905647777021,0.9898,2.2259238287806511
0.99,2.1497719832696021,0.99,2.231086665764451
0.9902,2.1497719832696021,0.9902,2.229795956518501
0.9904,2.1446091462858021,0.9904,2.233668084256351
0.9906,2.1484812740236521,0.9906,2.2259238287806511
0.9908,2.1458998555317521,0.9908,2.2285052472725511
0.991,2.1484812740236521,0.991,2.231086665764451
0.9912,2.1471905647777021,0.9912,2.231086665764451
0.9914,2.1484812740236521,0.9914,2.2220517010428011
0.9916,2.151062692515552,0.9916,2.2272145380266011
0.9918,2.1458998555317521,0.9918,2.229795956518501
0.992,2.1471905647777021,0.992,2.2285052472725511
0.9922,2.1446091462858021,0.9922,2.2233424102887511
0.9924,2.1433184370398521,0.9924,2.2259238287806511
0.9926,2.1471905647777021,0.9926,2.2246331195347011
0.9928,2.1368648908101022,0.9928,2.2233424102887511
0.993,2.1394463093020022,0.993,2.2233424102887511
0.9932,2.1394463093020022,0.9932,2.2194702825509012
0.9934,2.1381556000560522,0.9934,2.2181795733049512
0.9936,2.1381556000560522,0.9936,2.2207609917968512
0.9938,2.1381556000560522,0.9938,2.2181795733049512
0.994,2.1381556000560522,0.994,2.2143074455671012
0.9942,2.1329927630722523,0.9942,2.2168888640590012
0.9944,2.1368648908101022,0.9944,2.2168888640590012
0.9946,2.1342834723182023,0.9946,2.2155981548130512
0.9948,2.1329927630722523,0.9948,2.2143074455671012
0.995,2.1317020538263023,0.995,2.2117260270752013
0.9952,2.1304113445803523,0.9952,2.2104353178292513
0.9954,2.1291206353344023,0.9954,2.2026910623535514
0.9956,2.1226670891046524,0.9956,2.2026910623535514
0.9958,2.1213763798587024,0.9958,2.2078538993373513
0.996,2.1226670891046524,0.996,2.2026910623535514
0.9962,2.1239577983506024,0.9962,2.2039817715995014
0.9964,2.1200856706127524,0.9964,2.1988189346157014
0.9966,2.1187949613668025,0.9966,2.1962375161238015
0.9968,2.1162135428749025,0.9968,2.1936560976319015
0.997,2.1110507058911026,0.997,2.1910746791400015
0.9972,2.1097599966451526,0.9972,2.1910746791400015
0.9974,2.1123414151370525,0.9974,2.1884932606481016
0.9976,2.1149228336289525,0.9976,2.1923653883859515
0.9978,2.1123414151370525,0.9978,2.1949468068778515
0.998,2.1110507058911026,0.998,2.1884932606481016
0.9982,2.1097599966451526,0.9982,2.1872025514021516
0.9984,2.1084692873992026,0.9984,2.1859118421562016
0.9986,2.1058878689073026,0.9986,2.1859118421562016
0.9988,2.1084692873992026,0.9988,2.1884932606481016
0.999,2.1058878689073026,0.999,2.1872025514021516
0.9992,2.1045971596613526,0.9992,2.1884932606481016
0.9994,2.1058878689073026,0.9994,2.1807490051724017
0.9996,2.1071785781532526,0.9996,2.1884932606481016
0.9998,2.1007250319235027,0.9998,2.1794582959264517
1,2.0994343226775527,1,2.1833304236643016
1.0002,2.1058878689073026,1.0002,2.1820397144183517
1.0004,2.1033064504154027,1.0004,2.1846211329102516
1.0006,2.1020157411694527,1.0006,2.1807490051724017
1.0008,2.1020157411694527,1.0008,2.1833304236643016
1.001,2.0994343226775527,1.001,2.1859118421562016
1.0012,2.0994343226775527,1.0012,2.1846211329102516
1.0014,2.1045971596613526,1.0014,2.1807490051724017
1.0016,2.1007250319235027,1.0016,2.1846211329102516
1.0018,2.1020157411694527,1.0018,2.1884932606481016
1.002,2.1045971596613526,1.002,2.1833304236643016
1.0022,2.1071785781532526,1.0022,2.1910746791400015
1.0024,2.1071785781532526,1.0024,2.1846211329102516
1.0026,2.1045971596613526,1.0026,2.1936560976319015
1.0028,2.1071785781532526,1.0028,2.1910746791400015
1.003,2.1097599966451526,1.003,2.1897839698940516
1.0032,2.1058878689073026,1.0032,2.1936560976319015
1.0034,2.1084692873992026,1.0034,2.1884932606481016
1.0036,2.1084692873992026,1.0036,2.1923653883859515
1.0038,2.1097599966451526,1.0038,2.1910746791400015
1.004,2.1149228336289525,1.004,2.1936560976319015
1.0042,2.1175042521208525,1.0042,2.1975282253697515
1.0044,2.1136321243830025,1.0044,2.1949468068778515
1.0046,2.1110507058911026,1.0046,2.1949468068778515
1.0048,2.1149228336289525,1.0048,2.2014003531076014
1.005,2.1200856706127524,1.005,2.2039817715995014
1.0052,2.1187949613668025,1.0052,2.2026910623535514
1.0054,2.1252485075965524,1.0054,2.2078538993373513
1.0056,2.1265392168425024,1.0056,2.2078538993373513
1.0058,2.1265392168425024,1.0058,2.2078538993373513
1.006,2.1226670891046524,1.006,2.2078538993373513
1.0062,2.1291206353344023,1.0062,2.2091446085833013
1.0064,2.1291206353344023,1.0064,2.2078538993373513
1.0066,2.1317020538263023,1.0066,2.2168888640590012
1.0068,2.1291206353344023,1.0068,2.2181795733049512
1.007,2.1342834723182023,1.007,2.2168888640590012
1.0072,2.1368648908101022,1.0072,2.2117260270752013
1.0074,2.1394463093020022,1.0074,2.2155981548130512
1.0076,2.1342834723182023,1.0076,2.2194702825509012
1.0078,2.1394463093020022,1.0078,2.2155981548130512
1.008,2.1394463093020022,1.008,2.2194702825509012
1.0082,2.1355741815641522,1.0082,2.2220517010428011
1.0084,2.1394463093020022,1.0084,2.2246331195347011
1.0086,2.1433184370398521,1.0086,2.2259238287806511
1.0088,2.1458998555317521,1.0088,2.2233424102887511
1.009,2.1446091462858021,1.009,2.2246331195347011
1.0092,2.1407370185479522,1.0092,2.2246331195347011
1.0094,2.1420277277939022,1.0094,2.232377375010401
1.0096,2.1433184370398521,1.0096,2.2272145380266011
1.0098,2.1407370185479522,1.0098,2.231086665764451
1.01,2.1484812740236521,1.01,2.233668084256351
1.0102,2.151062692515552,1.0102,2.2285052472725511
1.0104,2.1458998555317521,1.0104,2.232377375010401
1.0106,2.1471905647777021,1.0106,2.233668084256351
1.0108,2.152353401761502,1.0108,2.2285052472725511
1.011,2.1471905647777021,1.011,2.2259238287806511
1.0112,2.1497719832696021,1.0112,2.229795956518501
1.0114,2.1458998555317521,1.0114,2.233668084256351
1.0116,2.1471905647777021,1.0116,2.232377375010401
1.0118,2.1458998555317521,1.0118,2.231086665764451
1.012,2.1446091462858021,1.012,2.2272145380266011
1.0122,2.1471905647777021,1.0122,2.2285052472725511
1.0124,2.1446091462858021,1.0124,2.229795956518501
1.0126,2.1420277277939022,1.0126,2.2207609917968512
1.0128,2.1407370185479522,1.0128,2.2207609917968512
1.013,2.1355741815641522,1.013,2.2246331195347011
1.0132,2.1420277277939022,1.0132,2.2181795733049512
1.0134,2.1394463093020022,1.0134,2.2233424102887511
1.0136,2.1407370185479522,1.0136,2.2207609917968512
1.0138,2.1381556000560522,1.0138,2.2168888640590012
1.014,2.1355741815641522,1.014,2.2143074455671012
1.0142,2.1329927630722523,1.0142,2.2155981548130512
1.0144,2.1368648908101022,1.0144,2.2155981548130512
1.0146,2.1381556000560522,1.0146,2.2130167363211513
1.0148,2.1291206353344023,1.0148,2.2117260270752013
1.015,2.1317020538263023,1.015,2.2078538993373513
1.0152,2.1226670891046524,1.0152,2.2052724808454514
1.0154,2.1252485075965524,1.0154,2.2039817715995014
1.0156,2.1252485075965524,1.0156,2.2078538993373513
1.0158,2.1187949613668025,1.0158,2.2026910623535514
1.016,2.1239577983506024,1.016,2.2052724808454514
1.0162,2.1187949613668025,1.0162,2.2001096438616514
1.0164,2.1187949613668025,1.0164,2.1988189346157014
1.0166,2.1149228336289525,1.0166,2.1936560976319015
1.0168,2.1149228336289525,1.0168,2.1962375161238015
1.017,2.1136321243830025,1.017,2.1936560976319015
1.0172,2.1123414151370525,1.0172,2.1936560976319015
1.0174,2.1149228336289525,1.0174,2.1936560976319015
1.0176,2.1110507058911026,1.0176,2.1923653883859515
1.0178,2.1110507058911026,1.0178,2.1936560976319015
1.018,2.1097599966451526,1.018,2.1910746791400015
1.0182,2.1071785781532526,1.0182,2.1897839698940516
1.0184,2.1110507058911026,1.0184,2.1910746791400015
1.0186,2.1007250319235027,1.0186,2.1910746791400015
1.0188,2.1058878689073026,1.0188,2.1859118421562016
1.019,2.1033064504154027,1.019,2.1833304236643016
1.0192,2.1097599966451526,1.0192,2.1884932606481016
1.0194,2.1058878689073026,1.0194,2.1820397144183517
1.0196,2.1033064504154027,1.0196,2.1859118421562016
1.0198,2.0955621949397027,1.0198,2.1781675866805017
1.02,2.0994343226775527,1.02,2.1833304236643016
1.0202,2.1020157411694527,1.0202,2.1820397144183517
1.0204,2.1020157411694527,1.0204,2.1794582959264517
1.0206,2.1045971596613526,1.0206,2.1794582959264517
1.0208,2.0994343226775527,1.0208,2.1820397144183517
1.021,2.1033064504154027,1.021,2.1833304236643016
1.0212,2.0968529041856527,1.0212,2.1820397144183517
1.0214,2.1058878689073026,1.0214,2.1820397144183517
1.0216,2.1045971596613526,1.0216,2.1833304236643016
1.0218,2.1020157411694527,1.0218,2.1846211329102516
1.022,2.0994343226775527,1.022,2.1872025514021516
1.0222,2.1058878689073026,1.0222,2.1884932606481016
1.0224,2.1071785781532526,1.0224,2.1846211329102516
1.0226,2.1084692873992026,1.0226,2.1897839698940516
1.0228,2.1084692873992026,1.0228,2.1897839698940516
1.023,2.1097599966451526,1.023,2.1962375161238015
1.0232,2.1058878689073026,1.0232,2.1897839698940516
1.0234,2.1110507058911026,1.0234,2.1872025514021516
1.0236,2.1123414151370525,1.0236,2.1949468068778515
1.0238,2.1071785781532526,1.0238,2.1923653883859515
1.024,2.1110507058911026,1.024,2.1962375161238015
1.0242,2.1162135428749025,1.0242,2.1936560976319015
1.0244,2.1136321243830025,1.0244,2.1962375161238015
1.0246,2.1175042521208525,1.0246,2.1936560976319015
1.0248,2.1200856706127524,1.0248,2.2001096438616514
1.025,2.1187949613668025,1.025,2.2039817715995014
1.0252,2.1162135428749025,1.0252,2.2026910623535514
1.0254,2.1226670891046524,1.0254,2.2091446085833013
1.0256,2.1278299260884523,1.0256,2.2052724808454514
1.0258,2.1239577983506024,1.0258,2.2130167363211513
1.026,2.1278299260884523,1.026,2.2104353178292513
1.0262,2.1317020538263023,1.0262,2.2039817715995014
1.0264,2.1291206353344023,1.0264,2.2155981548130512
1.0266,2.1342834723182023,1.0266,2.2168888640590012
1.0268,2.1342834723182023,1.0268,2.2168888640590012
1.027,2.1317020538263023,1.027,2.2155981548130512
1.0272,2.1329927630722523,1.0272,2.2194702825509012
1.0274,2.1355741815641522,1.0274,2.2168888640590012
1.0276,2.1381556000560522,1.0276,2.2181795733049512
1.0278,2.1381556000560522,1.0278,2.2207609917968512
1.028,2.1394463093020022,1.028,2.2194702825509012
1.0282,2.1381556000560522,1.0282,2.2246331195347011
1.0284,2.1420277277939022,1.0284,2.2220517010428011
1.0286,2.1394463093020022,1.0286,2.2246331195347011
1.0288,2.1446091462858021,1.0288,2.2233424102887511
1.029,2.1446091462858021,1.029,2.2246331195347011
1.0292,2.1484812740236521,1.0292,2.2220517010428011
1.0294,2.1471905647777021,1.0294,2.2272145380266011
1.0296,2.1446091462858021,1.0296,2.2285052472725511
1.0298,2.1407370185479522,1.0298,2.229795956518501
1.03,2.1471905647777021,1.03,2.232377375010401
1.0302,2.153644111007452,1.0302,2.231086665764451
1.0304,2.1471905647777021,1.0304,2.2272145380266011
1.0306,2.1458998555317521,1.0306,2.229795956518501
1.0308,2.1484812740236521,1.0308,2.232377375010401
1.031,2.1458998555317521,1.031,2.231086665764451
1.0312,2.1471905647777021,1.0312,2.229795956518501
1.0314,2.1484812740236521,1.0314,2.2272145380266011
1.0316,2.1420277277939022,1.0316,2.229795956518501
1.0318,2.1484812740236521,1.0318,2.2233424102887511
1.032,2.1471905647777021,1.032,2.2285052472725511
1.0322,2.1420277277939022,1.0322,2.2246331195347011
1.0324,2.1446091462858021,1.0324,2.2194702825509012
1.0326,2.1484812740236521,1.0326,2.2168888640590012
1.0328,2.1407370185479522,1.0328,2.2220517010428011
1.033,2.1407370185479522,1.033,2.2207609917968512
1.0332,2.1381556000560522,1.0332,2.2246331195347011
1.0334,2.1420277277939022,1.0334,2.2155981548130512
1.0336,2.1355741815641522,1.0336,2.2246331195347011
1.0338,2.1394463093020022,1.0338,2.2181795733049512
1.034,2.1355741815641522,1.034,2.2168888640590012
1.0342,2.1355741815641522,1.0342,2.2117260270752013
1.0344,2.1342834723182023,1.0344,2.2207609917968512
1.0346,2.1355741815641522,1.0346,2.2143074455671012
1.0348,2.1329927630722523,1.0348,2.2130167363211513
1.035,2.1342834723182023,1.035,2.2130167363211513
1.0352,2.1317020538263023,1.0352,2.2039817715995014
1.0354,2.1252485075965524,1.0354,2.2026910623535514
1.0356,2.1226670891046524,1.0356,2.2065631900914013
1.0358,2.1239577983506024,1.0358,2.2052724808454514
1.036,2.1200856706127524,1.036,2.1975282253697515
1.0362,2.1213763798587024,1.0362,2.2014003531076014
1.0364,2.1175042521208525,1.0364,2.2039817715995014
1.0366,2.1149228336289525,1.0366,2.1975282253697515
1.0368,2.1123414151370525,1.0368,2.2001096438616514
1.037,2.1110507058911026,1.037,2.1949468068778515
1.0372,2.1162135428749025,1.0372,2.1949468068778515
1.0374,2.1149228336289525,1.0374,2.1859118421562016
1.0376,2.1136321243830025,1.0376,2.1949468068778515
1.0378,2.1110507058911026,1.0378,2.1923653883859515
1.038,2.1071785781532526,1.038,2.1859118421562016
1.0382,2.1071785781532526,1.0382,2.1910746791400015
1.0384,2.1123414151370525,1.0384,2.1846211329102516
1.0386,2.1058878689073026,1.0386,2.1897839698940516
1.0388,2.1084692873992026,1.0388,2.1846211329102516
1.039,2.1033064504154027,1.039,2.1859118421562016
1.0392,2.1020157411694527,1.0392,2.1820397144183517
1.0394,2.1058878689073026,1.0394,2.1833304236643016
1.0396,2.1071785781532526,1.0396,2.1833304236643016
1.0398,2.0994343226775527,1.0398,2.1807490051724017
1.04,2.1058878689073026,1.04,2.1794582959264517
1.0402,2.1033064504154027,1.0402,2.1820397144183517
1.0404,2.1007250319235027,1.0404,2.1833304236643016
1.0406,2.1020157411694527,1.0406,2.1846211329102516
1.0408,2.1045971596613526,1.0408,2.1846211329102516
1.041,2.1020157411694527,1.041,2.1794582959264517
1.0412,2.0994343226775527,1.0412,2.1807490051724017
1.0414,2.1071785781532526,1.0414,2.1872025514021516
1.0416,2.0981436134316027,1.0416,2.1807490051724017
1.0418,2.1033064504154027,1.0418,2.1846211329102516
1.042,2.1058878689073026,1.042,2.1897839698940516
1.0422,2.1020157411694527,1.0422,2.1833304236643016
1.0424,2.1033064504154027,1.0424,2.1846211329102516
1.0426,2.1045971596613526,1.0426,2.1923653883859515
1.0428,2.1097599966451526,1.0428,2.1884932606481016
1.043,2.1123414151370525,1.043,2.1897839698940516
1.0432,2.1123414151370525,1.0432,2.1923653883859515
1.0434,2.1123414151370525,1.0434,2.1884932606481016
1.0436,2.1110507058911026,1.0436,2.1923653883859515
1.0438,2.1162135428749025,1.0438,2.1910746791400015
1.044,2.1123414151370525,1.044,2.1923653883859515
1.0442,2.1110507058911026,1.0442,2.1962375161238015
1.0444,2.1175042521208525,1.0444,2.1936560976319015
1.0446,2.1200856706127524,1.0446,2.1949468068778515
1.0448,2.1149228336289525,1.0448,2.2039817715995014
1.045,2.1162135428749025,1.045,2.2026910623535514
1.0452,2.1187949613668025,1.0452,2.2026910623535514
1.0454,2.1200856706127524,1.0454,2.2065631900914013
1.0456,2.1291206353344023,1.0456,2.2065631900914013
1.0458,2.1239577983506024,1.0458,2.2091446085833013
1.046,2.1278299260884523,1.046,2.2052724808454514
1.0462,2.1252485075965524,1.0462,2.2052724808454514
1.0464,2.1265392168425024,1.0464,2.2104353178292513
1.0466,2.1265392168425024,1.0466,2.2143074455671012
1.0468,2.1304113445803523,1.0468,2.2168888640590012
1.047,2.1407370185479522,1.047,2.2117260270752013
1.0472,2.1381556000560522,1.0472,2.2130167363211513
1.0474,2.1394463093020022,1.0474,2.2181795733049512
1.0476,2.1407370185479522,1.0476,2.2168888640590012
1.0478,2.1420277277939022,1.0478,2.2168888640590012
1.048,2.1420277277939022,1.048,2.2194702825509012
1.0482,2.1407370185479522,1.0482,2.2220517010428011
1.0484,2.1407370185479522,1.0484,2.2207609917968512
1.0486,2.1458998555317521,1.0486,2.2233424102887511
1.0488,2.1446091462858021,1.0488,2.2246331195347011
1.049,2.1446091462858021,1.049,2.2233424102887511
1.0492,2.1446091462858021,1.0492,2.229795956518501
1.0494,2.151062692515552,1.0494,2.2272145380266011
1.0496,2.1420277277939022,1.0496,2.2259238287806511
1.0498,2.1458998555317521,1.0498,2.232377375010401
1.05,2.1471905647777021,1.05,2.2272145380266011
1.0502,2.1458998555317521,1.0502,2.231086665764451
1.0504,2.1471905647777021,1.0504,2.233668084256351
1.0506,2.1458998555317521,1.0506,2.231086665764451
1.0508,2.1471905647777021,1.0508,2.2272145380266011
1.051,2.1458998555317521,1.051,2.2259238287806511
1.0512,2.1497719832696021,1.0512,2.231086665764451
1.0514,2.1458998555317521,1.0514,2.2272145380266011
1.0516,2.1446091462858021,1.0516,2.229795956518501
1.0518,2.1484812740236521,1.0518,2.229795956518501
1.052,2.1458998555317521,1.052,2.2285052472725511
1.0522,2.1458998555317521,1.0522,2.2194702825509012
1.0524,2.1433184370398521,1.0524,2.2220517010428011
1.0526,2.1446091462858021,1.0526,2.2233424102887511
1.0528,2.1446091462858021,1.0528,2.2194702825509012
1.053,2.1394463093020022,1.053,2.2194702825509012
1.0532,2.1381556000560522,1.0532,2.2233424102887511
1.0534,2.1407370185479522,1.0534,2.2168888640590012
1.0536,2.1420277277939022,1.0536,2.2194702825509012
1.0538,2.1381556000560522,1.0538,2.2194702825509012
1.054,2.1394463093020022,1.054,2.2155981548130512
1.0542,2.1329927630722523,1.0542,2.2194702825509012
1.0544,2.1355741815641522,1.0544,2.2143074455671012
1.0546,2.1329927630722523,1.0546,2.2117260270752013
1.0548,2.1355741815641522,1.0548,2.2130167363211513
1.055,2.1355741815641522,1.055,2.2104353178292513
1.0552,2.1278299260884523,1.0552,2.2065631900914013
1.0554,2.1213763798587024,1.0554,2.2078538993373513
1.0556,2.1252485075965524,1.0556,2.2078538993373513
1.0558,2.1213763798587024,1.0558,2.1988189346157014
1.056,2.1226670891046524,1.056,2.2039817715995014
1.0562,2.1213763798587024,1.0562,2.1988189346157014
1.0564,2.1149228336289525,1.0564,2.1988189346157014
1.0566,2.1136321243830025,1.0566,2.1923653883859515
1.0568,2.1200856706127524,1.0568,2.1936560976319015
1.057,2.1149228336289525,1.057,2.1897839698940516
1.0572,2.1162135428749025,1.0572,2.1936560976319015
1.0574,2.1149228336289525,1.0574,2.1962375161238015
1.0576,2.1097599966451526,1.0576,2.1936560976319015
1.0578,2.1123414151370525,1.0578,2.1897839698940516
1.058,2.1123414151370525,1.058,2.1936560976319015
1.0582,2.1110507058911026,1.0582,2.1910746791400015
1.0584,2.1058878689073026,1.0584,2.1859118421562016
1.0586,2.1071785781532526,1.0586,2.1859118421562016
1.0588,2.1045971596613526,1.0588,2.1872025514021516
1.059,2.1071785781532526,1.059,2.1833304236643016
1.0592,2.1033064504154027,1.0592,2.1820397144183517
1.0594,2.1058878689073026,1.0594,2.1807490051724017
1.0596,2.1058878689073026,1.0596,2.1833304236643016
1.0598,2.1058878689073026,1.0598,2.1846211329102516
1.06,2.0981436134316027,1.06,2.1872025514021516
1.0602,2.1033064504154027,1.0602,2.1872025514021516
1.0604,2.1058878689073026,1.0604,2.1794582959264517
1.0606,2.1020157411694527,1.0606,2.1794582959264517
1.0608,2.0994343226775527,1.0608,2.1807490051724017
1.061,2.1058878689073026,1.061,2.1781675866805017
1.0612,2.0994343226775527,1.0612,2.1833304236643016
1.0614,2.0981436134316027,1.0614,2.1807490051724017
1.0616,2.1045971596613526,1.0616,2.1833304236643016
1.0618,2.1020157411694527,1.0618,2.1833304236643016
1.062,2.1007250319235027,1.062,2.1884932606481016
1.0622,2.1020157411694527,1.0622,2.1846211329102516
1.0624,2.1084692873992026,1.0624,2.1872025514021516
1.0626,2.1020157411694527,1.0626,2.1910746791400015
1.0628,2.1123414151370525,1.0628,2.1872025514021516
1.063,2.1110507058911026,1.063,2.1910746791400015
1.0632,2.1071785781532526,1.0632,2.1884932606481016
1.0634,2.1071785781532526,1.0634,2.1859118421562016
1.0636,2.1136321243830025,1.0636,2.1897839698940516
1.0638,2.1110507058911026,1.0638,2.1936560976319015
1.064,2.1110507058911026,1.064,2.1923653883859515
1.0642,2.1097599966451526,1.0642,2.1949468068778515
1.0644,2.1162135428749025,1.0644,2.1936560976319015
1.0646,2.1123414151370525,1.0646,2.1949468068778515
1.0648,2.1162135428749025,1.0648,2.2001096438616514
1.065,2.1175042521208525,1.065,2.2014003531076014
1.0652,2.1265392168425024,1.0652,2.2026910623535514
1.0654,2.1278299260884523,1.0654,2.2065631900914013
1.0656,2.1265392168425024,1.0656,2.2052724808454514
1.0658,2.1265392168425024,1.0658,2.2078538993373513
1.066,2.1265392168425024,1.066,2.2026910623535514
1.0662,2.1252485075965524,1.0662,2.2117260270752013
1.0664,2.1329927630722523,1.0664,2.2130167363211513
1.0666,2.1394463093020022,1.0666,2.2117260270752013
1.0668,2.1329927630722523,1.0668,2.2143074455671012
1.067,2.1342834723182023,1.067,2.2143074455671012
1.0672,2.1394463093020022,1.0672,2.2194702825509012
1.0674,2.1394463093020022,1.0674,2.2155981548130512
1.0676,2.1394463093020022,1.0676,2.2181795733049512
1.0678,2.1433184370398521,1.0678,2.2246331195347011
1.068,2.1394463093020022,1.068,2.2246331195347011
1.0682,2.1355741815641522,1.0682,2.2233424102887511
1.0684,2.1471905647777021,1.0684,2.2220517010428011
1.0686,2.1433184370398521,1.0686,2.2246331195347011
1.0688,2.1446091462858021,1.0688,2.2259238287806511
1.069,2.1458998555317521,1.069,2.2285052472725511
1.0692,2.1497719832696021,1.0692,2.2259238287806511
1.0694,2.1458998555317521,1.0694,2.2259238287806511
1.0696,2.1458998555317521,1.0696,2.229795956518501
1.0698,2.1458998555317521,1.0698,2.2246331195347011
1.07,2.1484812740236521,1.07,2.2285052472725511
1.0702,2.1497719832696021,1.0702,2.2272145380266011
1.0704,2.1458998555317521,1.0704,2.2259238287806511
1.0706,2.1471905647777021,1.0706,2.236249502748251
1.0708,2.1484812740236521,1.0708,2.2285052472725511
1.071,2.152353401761502,1.071,2.229795956518501
1.0712,2.1446091462858021,1.0712,2.231086665764451
1.0714,2.1484812740236521,1.0714,2.231086665764451
1.0716,2.1471905647777021,1.0716,2.231086665764451
1.0718,2.151062692515552,1.0718,2.2272145380266011
1.072,2.1497719832696021,1.072,2.2233424102887511
1.0722,2.1433184370398521,1.0722,2.2259238287806511
1.0724,2.1433184370398521,1.0724,2.2285052472725511
1.0726,2.1433184370398521,1.0726,2.2233424102887511
1.0728,2.1394463093020022,1.0728,2.2168888640590012
1.073,2.1433184370398521,1.073,2.2168888640590012
1.0732,2.1407370185479522,1.0732,2.2220517010428011
1.0734,2.1368648908101022,1.0734,2.2207609917968512
1.0736,2.1381556000560522,1.0736,2.2194702825509012
1.0738,2.1446091462858021,1.0738,2.2168888640590012
1.074,2.1381556000560522,1.074,2.2207609917968512
1.0742,2.1355741815641522,1.0742,2.2104353178292513
1.0744,2.1381556000560522,1.0744,2.2143074455671012
1.0746,2.1317020538263023,1.0746,2.2091446085833013
1.0748,2.1394463093020022,1.0748,2.2117260270752013
1.075,2.1317020538263023,1.075,2.2130167363211513
1.0752,2.1291206353344023,1.0752,2.2078538993373513
1.0754,2.1278299260884523,1.0754,2.2117260270752013
1.0756,2.1239577983506024,1.0756,2.2052724808454514
1.0758,2.1278299260884523,1.0758,2.2104353178292513
1.076,2.1252485075965524,1.076,2.2001096438616514
1.0762,2.1213763798587024,1.0762,2.2026910623535514
1.0764,2.1187949613668025,1.0764,2.1988189346157014
1.0766,2.1175042521208525,1.0766,2.1988189346157014
1.0768,2.1175042521208525,1.0768,2.1988189346157014
1.077,2.1162135428749025,1.077,2.1949468068778515
1.0772,2.1136321243830025,1.0772,2.1975282253697515
1.0774,2.1110507058911026,1.0774,2.1910746791400015
1.0776,2.1162135428749025,1.0776,2.1910746791400015
1.0778,2.1110507058911026,1.0778,2.1910746791400015
1.078,2.1123414151370525,1.078,2.1884932606481016
1.0782,2.1097599966451526,1.0782,2.1923653883859515
1.0784,2.1084692873992026,1.0784,2.1872025514021516
1.0786,2.1033064504154027,1.0786,2.1820397144183517
1.0788,2.1097599966451526,1.0788,2.1884932606481016
1.079,2.1097599966451526,1.079,2.1884932606481016
1.0792,2.1058878689073026,1.0792,2.1923653883859515
1.0794,2.1045971596613526,1.0794,2.1768768774345517
1.0796,2.1058878689073026,1.0796,2.1794582959264517
1.0798,2.1071785781532526,1.0798,2.1820397144183517
1.08,2.1033064504154027,1.08,2.1820397144183517
1.0802,2.1033064504154027,1.0802,2.1833304236643016
1.0804,2.1058878689073026,1.0804,2.1833304236643016
1.0806,2.1020157411694527,1.0806,2.1846211329102516
1.0808,2.1033064504154027,1.0808,2.1820397144183517
1.081,2.1020157411694527,1.081,2.1846211329102516
1.0812,2.1045971596613526,1.0812,2.1807490051724017
1.0814,2.1045971596613526,1.0814,2.1884932606481016
1.0816,2.1033064504154027,1.0816,2.1872025514021516
1.0818,2.1071785781532526,1.0818,2.1794582959264517
1.082,2.1033064504154027,1.082,2.1846211329102516
1.0822,2.1058878689073026,1.0822,2.1872025514021516
1.0824,2.1045971596613526,1.0824,2.1884932606481016
1.0826,2.1071785781532526,1.0826,2.1872025514021516
1.0828,2.1110507058911026,1.0828,2.1910746791400015
1.083,2.1097599966451526,1.083,2.1923653883859515
1.0832,2.1084692873992026,1.0832,2.1962375161238015
1.0834,2.1084692873992026,1.0834,2.1962375161238015
1.0836,2.1149228336289525,1.0836,2.1923653883859515
1.0838,2.1110507058911026,1.0838,2.1910746791400015
1.084,2.1123414151370525,1.084,2.1872025514021516
1.0842,2.1175042521208525,1.0842,2.2001096438616514
1.0844,2.1149228336289525,1.0844,2.1962375161238015
1.0846,2.1110507058911026,1.0846,2.1962375161238015
1.0848,2.1200856706127524,1.0848,2.2001096438616514
1.085,2.1162135428749025,1.085,2.1949468068778515
1.0852,2.1200856706127524,1.0852,2.2026910623535514
1.0854,2.1187949613668025,1.0854,2.2026910623535514
1.0856,2.1291206353344023,1.0856,2.1975282253697515
1.0858,2.1239577983506024,1.0858,2.2104353178292513
1.086,2.1265392168425024,1.086,2.2078538993373513
1.0862,2.1291206353344023,1.0862,2.2143074455671012
1.0864,2.1278299260884523,1.0864,2.2143074455671012
1.0866,2.1317020538263023,1.0866,2.2168888640590012
1.0868,2.1394463093020022,1.0868,2.2155981548130512
1.087,2.1368648908101022,1.087,2.2181795733049512
1.0872,2.1355741815641522,1.0872,2.2181795733049512
1.0874,2.1394463093020022,1.0874,2.2168888640590012
1.0876,2.1407370185479522,1.0876,2.2246331195347011
1.0878,2.1381556000560522,1.0878,2.2207609917968512
1.088,2.1381556000560522,1.088,2.2168888640590012
1.0882,2.1433184370398521,1.0882,2.2207609917968512
1.0884,2.1407370185479522,1.0884,2.2207609917968512
1.0886,2.1446091462858021,1.0886,2.2207609917968512
1.0888,2.1433184370398521,1.0888,2.2272145380266011
1.089,2.1446091462858021,1.089,2.229795956518501
1.0892,2.1446091462858021,1.0892,2.2233424102887511
1.0894,2.1471905647777021,1.0894,2.2272145380266011
1.0896,2.1484812740236521,1.0896,2.229795956518501
1.0898,2.1471905647777021,1.0898,2.2285052472725511
1.09,2.1471905647777021,1.09,2.2285052472725511
1.0902,2.1484812740236521,1.0902,2.232377375010401
1.0904,2.1458998555317521,1.0904,2.229795956518501
1.0906,2.1471905647777021,1.0906,2.2272145380266011
1.0908,2.151062692515552,1.0908,2.2259238287806511
1.091,2.1497719832696021,1.091,2.2272145380266011
1.0912,2.1446091462858021,1.0912,2.2259238287806511
1.0914,2.1471905647777021,1.0914,2.229795956518501
1.0916,2.151062692515552,1.0916,2.2272145380266011
1.0918,2.1458998555317521,1.0918,2.2259238287806511
1.092,2.1446091462858021,1.092,2.2272145380266011
1.0922,2.1471905647777021,1.0922,2.2233424102887511
1.0924,2.1458998555317521,1.0924,2.2220517010428011
1.0926,2.1420277277939022,1.0926,2.2155981548130512
1.0928,2.1433184370398521,1.0928,2.2233424102887511
1.093,2.1420277277939022,1.093,2.2220517010428011
1.0932,2.1420277277939022,1.0932,2.2181795733049512
1.0934,2.1381556000560522,1.0934,2.2143074455671012
1.0936,2.1394463093020022,1.0936,2.2181795733049512
1.0938,2.1355741815641522,1.0938,2.2130167363211513
1.094,2.1342834723182023,1.094,2.2181795733049512
1.0942,2.1368648908101022,1.0942,2.2233424102887511
1.0944,2.1329927630722523,1.0944,2.2143074455671012
1.0946,2.1355741815641522,1.0946,2.2117260270752013
1.0948,2.1368648908101022,1.0948,2.2130167363211513
1.095,2.1278299260884523,1.095,2.2052724808454514
1.0952,2.1239577983506024,1.0952,2.2091446085833013
1.0954,2.1252485075965524,1.0954,2.2039817715995014
1.0956,2.1239577983506024,1.0956,2.2001096438616514
1.0958,2.1252485075965524,1.0958,2.2039817715995014
1.096,2.1265392168425024,1.096,2.2014003531076014
1.0962,2.1200856706127524,1.0962,2.1975282253697515
1.0964,2.1187949613668025,1.0964,2.1949468068778515
1.0966,2.1149228336289525,1.0966,2.2001096438616514
1.0968,2.1175042521208525,1.0968,2.1962375161238015
1.097,2.1136321243830025,1.097,2.2001096438616514
1.0972,2.1162135428749025,1.0972,2.2001096438616514
1.0974,2.1136321243830025,1.0974,2.1872025514021516
1.0976,2.1110507058911026,1.0976,2.1833304236643016
1.0978,2.1110507058911026,1.0978,2.1936560976319015
1.098,2.1097599966451526,1.098,2.1846211329102516
1.0982,2.1084692873992026,1.0982,2.1923653883859515
1.0984,2.1071785781532526,1.0984,2.1897839698940516
1.0986,2.1007250319235027,1.0986,2.1859118421562016
1.0988,2.0981436134316027,1.0988,2.1846211329102516
1.099,2.1045971596613526,1.099,2.1872025514021516
1.0992,2.1071785781532526,1.0992,2.1820397144183517
1.0994,2.1007250319235027,1.0994,2.1846211329102516
1.0996,2.1020157411694527,1.0996,2.1833304236643016
1.0998,2.1045971596613526,1.0998,2.1742954589426517
1.1,2.1020157411694527,1.1,2.1768768774345517
1.1002,2.1033064504154027,1.1002,2.1820397144183517
1.1004,2.1020157411694527,1.1004,2.1833304236643016
1.1006,2.1020157411694527,1.1006,2.1807490051724017
1.1008,2.1007250319235027,1.1008,2.1833304236643016
1.101,2.1007250319235027,1.101,2.1872025514021516
1.1012,2.0981436134316027,1.1012,2.1846211329102516
1.1014,2.0994343226775527,1.1014,2.1820397144183517
1.1016,2.1045971596613526,1.1016,2.1820397144183517
1.1018,2.1058878689073026,1.1018,2.1794582959264517
1.102,2.1007250319235027,1.102,2.1910746791400015
1.1022,2.1071785781532526,1.1022,2.1820397144183517
1.1024,2.1097599966451526,1.1024,2.1872025514021516
1.1026,2.1045971596613526,1.1026,2.1872025514021516
1.1028,2.1071785781532526,1.1028,2.1910746791400015
1.103,2.1033064504154027,1.103,2.1923653883859515
1.1032,2.1110507058911026,1.1032,2.1884932606481016
1.1034,2.1123414151370525,1.1034,2.1936560976319015
1.1036,2.1123414151370525,1.1036,2.1949468068778515
1.1038,2.1110507058911026,1.1038,2.1949468068778515
1.104,2.1136321243830025,1.104,2.1975282253697515
1.1042,2.1149228336289525,1.1042,2.1988189346157014
1.1044,2.1162135428749025,1.1044,2.1936560976319015
1.1046,2.1162135428749025,1.1046,2.1923653883859515
1.1048,2.1149228336289525,1.1048,2.2014003531076014
1.105,2.1187949613668025,1.105,2.2001096438616514
1.1052,2.1175042521208525,1.1052,2.2014003531076014
1.1054,2.1265392168425024,1.1054,2.2052724808454514
1.1056,2.1226670891046524,1.1056,2.2052724808454514
1.1058,2.1265392168425024,1.1058,2.2078538993373513
1.106,2.1265392168425024,1.106,2.2052724808454514
1.1062,2.1291206353344023,1.1062,2.2104353178292513
1.1064,2.1278299260884523,1.1064,2.2117260270752013
1.1066,2.1304113445803523,1.1066,2.2091446085833013
1.1068,2.1381556000560522,1.1068,2.2117260270752013
1.107,2.1342834723182023,1.107,2.2168888640590012
1.1072,2.1394463093020022,1.1072,2.2168888640590012
1.1074,2.1368648908101022,1.1074,2.2130167363211513
1.1076,2.1394463093020022,1.1076,2.2220517010428011
1.1078,2.1394463093020022,1.1078,2.2194702825509012
1.108,2.1381556000560522,1.108,2.2194702825509012
1.1082,2.1407370185479522,1.1082,2.2168888640590012
1.1084,2.1407370185479522,1.1084,2.2259238287806511
1.1086,2.1458998555317521,1.1086,2.229795956518501
1.1088,2.1484812740236521,1.1088,2.2233424102887511
1.109,2.1484812740236521,1.109,2.2220517010428011
1.1092,2.1446091462858021,1.1092,2.229795956518501
1.1094,2.1458998555317521,1.1094,2.2285052472725511
1.1096,2.1458998555317521,1.1096,2.231086665764451
1.1098,2.1446091462858021,1.1098,2.232377375010401
1.11,2.1458998555317521,1.11,2.232377375010401
1.1102,2.1458998555317521,1.1102,2.2272145380266011
1.1104,2.1484812740236521,1.1104,2.229795956518501
1.1106,2.1420277277939022,1.1106,2.233668084256351
1.1108,2.1446091462858021,1.1108,2.2233424102887511
1.111,2.1497719832696021,1.111,2.2272145380266011
1.1112,2.1484812740236521,1.1112,2.2285052472725511
1.1114,2.1484812740236521,1.1114,2.2233424102887511
1.1116,2.1471905647777021,1.1116,2.234958793502301
1.1118,2.1497719832696021,1.1118,2.2259238287806511
1.112,2.1497719832696021,1.112,2.229795956518501
1.1122,2.1420277277939022,1.1122,2.2246331195347011
1.1124,2.1433184370398521,1.1124,2.2194702825509012
1.1126,2.1420277277939022,1.1126,2.2259238287806511
1.1128,2.1394463093020022,1.1128,2.2168888640590012
1.113,2.1420277277939022,1.113,2.2220517010428011
1.1132,2.1420277277939022,1.1132,2.2233424102887511
1.1134,2.1381556000560522,1.1134,2.2168888640590012
1.1136,2.1381556000560522,1.1136,2.2194702825509012
1.1138,2.1368648908101022,1.1138,2.2168888640590012
1.114,2.1394463093020022,1.114,2.2220517010428011
1.1142,2.1394463093020022,1.1142,2.2207609917968512
1.1144,2.1342834723182023,1.1144,2.2143074455671012
1.1146,2.1355741815641522,1.1146,2.2155981548130512
1.1148,2.1317020538263023,1.1148,2.2117260270752013
1.115,2.1355741815641522,1.115,2.2155981548130512
1.1152,2.1278299260884523,1.1152,2.2065631900914013
1.1154,2.1252485075965524,1.1154,2.2091446085833013
1.1156,2.1226670891046524,1.1156,2.2065631900914013
1.1158,2.1213763798587024,1.1158,2.2026910623535514
1.116,2.1239577983506024,1.116,2.2026910623535514
1.1162,2.1239577983506024,1.1162,2.2001096438616514
1.1164,2.1162135428749025,1.1164,2.2001096438616514
1.1166,2.1200856706127524,1.1166,2.1975282253697515
1.1168,2.1136321243830025,1.1168,2.1962375161238015
1.117,2.1136321243830025,1.117,2.1962375161238015
1.1172,2.1110507058911026,1.1172,2.1988189346157014
1.1174,2.1123414151370525,1.1174,2.1936560976319015
1.1176,2.1110507058911026,1.1176,2.1936560976319015
1.1178,2.1084692873992026,1.1178,2.1962375161238015
1.118,2.1110507058911026,1.118,2.1936560976319015
1.1182,2.1149228336289525,1.1182,2.1910746791400015
1.1184,2.1084692873992026,1.1184,2.1884932606481016
1.1186,2.1097599966451526,1.1186,2.1833304236643016
1.1188,2.1084692873992026,1.1188,2.1872025514021516
1.119,2.1084692873992026,1.119,2.1820397144183517
1.1192,2.1071785781532526,1.1192,2.1910746791400015
1.1194,2.1058878689073026,1.1194,2.1910746791400015
1.1196,2.1045971596613526,1.1196,2.1820397144183517
1.1198,2.1007250319235027,1.1198,2.1833304236643016
1.12,2.1045971596613526,1.12,2.1833304236643016
1.1202,2.1058878689073026,1.1202,2.1872025514021516
1.1204,2.1071785781532526,1.1204,2.1820397144183517
1.1206,2.1058878689073026,1.1206,2.1833304236643016
1.1208,2.1045971596613526,1.1208,2.1820397144183517
1.121,2.1020157411694527,1.121,2.1846211329102516
1.1212,2.1007250319235027,1.1212,2.1872025514021516
1.1214,2.1033064504154027,1.1214,2.1859118421562016
1.1216,2.1045971596613526,1.1216,2.1833304236643016
1.1218,2.1071785781532526,1.1218,2.1807490051724017
1.122,2.1045971596613526,1.122,2.1859118421562016
1.1222,2.1058878689073026,1.1222,2.1859118421562016
1.1224,2.1084692873992026,1.1224,2.1846211329102516
1.1226,2.1045971596613526,1.1226,2.1884932606481016
1.1228,2.1084692873992026,1.1228,2.1884932606481016
1.123,2.1084692873992026,1.123,2.1910746791400015
1.1232,2.1020157411694527,1.1232,2.1910746791400015
1.1234,2.1084692873992026,1.1234,2.1923653883859515
1.1236,2.1149228336289525,1.1236,2.1975282253697515
1.1238,2.1110507058911026,1.1238,2.1949468068778515
1.124,2.1084692873992026,1.124,2.1962375161238015
1.1242,2.1162135428749025,1.1242,2.1949468068778515
1.1244,2.1200856706127524,1.1244,2.1988189346157014
1.1246,2.1175042521208525,1.1246,2.1936560976319015
1.1248,2.1175042521208525,1.1248,2.2001096438616514
1.125,2.1162135428749025,1.125,2.2026910623535514
1.1252,2.1175042521208525,1.1252,2.2026910623535514
1.1254,2.1252485075965524,1.1254,2.2039817715995014
1.1256,2.1239577983506024,1.1256,2.2039817715995014
1.1258,2.1213763798587024,1.1258,2.2078538993373513
1.126,2.1265392168425024,1.126,2.2117260270752013
1.1262,2.1252485075965524,1.1262,2.2117260270752013
1.1264,2.1304113445803523,1.1264,2.2091446085833013
1.1266,2.1342834723182023,1.1266,2.2117260270752013
1.1268,2.1355741815641522,1.1268,2.2130167363211513
1.127,2.1342834723182023,1.127,2.2168888640590012
1.1272,2.1329927630722523,1.1272,2.2181795733049512
1.1274,2.1381556000560522,1.1274,2.2207609917968512
1.1276,2.1368648908101022,1.1276,2.2233424102887511
1.1278,2.1381556000560522,1.1278,2.2181795733049512
1.128,2.1394463093020022,1.128,2.2143074455671012
1.1282,2.1407370185479522,1.1282,2.2233424102887511
1.1284,2.1394463093020022,1.1284,2.2220517010428011
1.1286,2.152353401761502,1.1286,2.2285052472725511
1.1288,2.1407370185479522,1.1288,2.2233424102887511
1.129,2.1458998555317521,1.129,2.2246331195347011
1.1292,2.1484812740236521,1.1292,2.2207609917968512
1.1294,2.1446091462858021,1.1294,2.2272145380266011
1.1296,2.1420277277939022,1.1296,2.2259238287806511
1.1298,2.1446091462858021,1.1298,2.2233424102887511
1.13,2.1497719832696021,1.13,2.2246331195347011
1.1302,2.151062692515552,1.1302,2.229795956518501
1.1304,2.153644111007452,1.1304,2.229795956518501
1.1306,2.1497719832696021,1.1306,2.2272145380266011
1.1308,2.1458998555317521,1.1308,2.229795956518501
1.131,2.1497719832696021,1.131,2.229795956518501
1.1312,2.1471905647777021,1.1312,2.2272145380266011
1.1314,2.1484812740236521,1.1314,2.233668084256351
1.1316,2.151062692515552,1.1316,2.232377375010401
1.1318,2.1484812740236521,1.1318,2.2259238287806511
1.132,2.1484812740236521,1.132,2.2220517010428011
1.1322,2.1458998555317521,1.1322,2.2272145380266011
1.1324,2.1471905647777021,1.1324,2.2233424102887511
1.1326,2.1394463093020022,1.1326,2.2233424102887511
1.1328,2.1433184370398521,1.1328,2.2194702825509012
1.133,2.1368648908101022,1.133,2.2207609917968512
1.1332,2.1433184370398521,1.1332,2.2194702825509012
1.1334,2.1407370185479522,1.1334,2.2130167363211513
1.1336,2.1355741815641522,1.1336,2.2117260270752013
1.1338,2.1355741815641522,1.1338,2.2194702825509012
1.134,2.1355741815641522,1.134,2.2155981548130512
1.1342,2.1342834723182023,1.1342,2.2104353178292513
1.1344,2.1317020538263023,1.1344,2.2130167363211513
1.1346,2.1368648908101022,1.1346,2.2117260270752013
1.1348,2.1329927630722523,1.1348,2.2130167363211513
1.135,2.1317020538263023,1.135,2.2117260270752013
1.1352,2.1329927630722523,1.1352,2.2065631900914013
1.1354,2.1291206353344023,1.1354,2.2078538993373513
1.1356,2.1252485075965524,1.1356,2.2104353178292513
1.1358,2.1265392168425024,1.1358,2.2026910623535514
1.136,2.1265392168425024,1.136,2.2078538993373513
1.1362,2.1200856706127524,1.1362,2.2014003531076014
1.1364,2.1200856706127524,1.1364,2.2001096438616514
1.1366,2.1162135428749025,1.1366,2.1975282253697515
1.1368,2.1187949613668025,1.1368,2.1962375161238015
1.137,2.1175042521208525,1.137,2.1975282253697515
1.1372,2.1175042521208525,1.1372,2.1949468068778515
1.1374,2.1110507058911026,1.1374,2.1949468068778515
1.1376,2.1071785781532526,1.1376,2.1897839698940516
1.1378,2.1071785781532526,1.1378,2.1949468068778515
1.138,2.1097599966451526,1.138,2.1949468068778515
1.1382,2.1110507058911026,1.1382,2.1897839698940516
1.1384,2.1084692873992026,1.1384,2.1884932606481016
1.1386,2.1033064504154027,1.1386,2.1820397144183517
1.1388,2.1058878689073026,1.1388,2.1859118421562016
1.139,2.1033064504154027,1.139,2.1910746791400015
1.1392,2.1007250319235027,1.1392,2.1872025514021516
1.1394,2.1045971596613526,1.1394,2.1884932606481016
1.1396,2.1033064504154027,1.1396,2.1846211329102516
1.1398,2.1020157411694527,1.1398,2.1833304236643016
1.14,2.1033064504154027,1.14,2.1884932606481016
1.1402,2.0981436134316027,1.1402,2.1807490051724017
1.1404,2.1045971596613526,1.1404,2.1833304236643016
1.1406,2.0981436134316027,1.1406,2.1794582959264517
1.1408,2.1033064504154027,1.1408,2.1794582959264517
1.141,2.1007250319235027,1.141,2.1846211329102516
1.1412,2.1058878689073026,1.1412,2.1846211329102516
1.1414,2.0981436134316027,1.1414,2.1833304236643016
1.1416,2.1045971596613526,1.1416,2.1897839698940516
1.1418,2.0981436134316027,1.1418,2.1872025514021516
1.142,2.1007250319235027,1.142,2.1820397144183517
1.1422,2.1084692873992026,1.1422,2.1897839698940516
1.1424,2.1071785781532526,1.1424,2.1884932606481016
1.1426,2.1071785781532526,1.1426,2.1859118421562016
1.1428,2.1071785781532526,1.1428,2.1910746791400015
1.143,2.1123414151370525,1.143,2.1897839698940516
1.1432,2.1123414151370525,1.1432,2.1923653883859515
1.1434,2.1084692873992026,1.1434,2.1936560976319015
1.1436,2.1110507058911026,1.1436,2.1897839698940516
1.1438,2.1149228336289525,1.1438,2.1884932606481016
1.144,2.1110507058911026,1.144,2.1936560976319015
1.1442,2.1136321243830025,1.1442,2.1975282253697515
1.1444,2.1110507058911026,1.1444,2.1923653883859515
1.1446,2.1136321243830025,1.1446,2.1949468068778515
1.1448,2.1162135428749025,1.1448,2.1975282253697515
1.145,2.1187949613668025,1.145,2.2001096438616514
1.1452,2.1187949613668025,1.1452,2.2052724808454514
1.1454,2.1213763798587024,1.1454,2.2026910623535514
1.1456,2.1226670891046524,1.1456,2.2155981548130512
1.1458,2.1239577983506024,1.1458,2.2078538993373513
1.146,2.1265392168425024,1.146,2.2026910623535514
1.1462,2.1304113445803523,1.1462,2.2104353178292513
1.1464,2.1304113445803523,1.1464,2.2143074455671012
1.1466,2.1329927630722523,1.1466,2.2168888640590012
1.1468,2.1304113445803523,1.1468,2.2181795733049512
1.147,2.1329927630722523,1.147,2.2168888640590012
1.1472,2.1381556000560522,1.1472,2.2181795733049512
1.1474,2.1407370185479522,1.1474,2.2155981548130512
1.1476,2.1368648908101022,1.1476,2.2181795733049512
1.1478,2.1433184370398521,1.1478,2.2194702825509012
1.148,2.1381556000560522,1.148,2.2155981548130512
1.1482,2.1381556000560522,1.1482,2.2207609917968512
1.1484,2.1446091462858021,1.1484,2.2233424102887511
1.1486,2.1420277277939022,1.1486,2.231086665764451
1.1488,2.1497719832696021,1.1488,2.2246331195347011
1.149,2.1458998555317521,1.149,2.2246331195347011
1.1492,2.1420277277939022,1.1492,2.2207609917968512
1.1494,2.1407370185479522,1.1494,2.2272145380266011
1.1496,2.1458998555317521,1.1496,2.2246331195347011
1.1498,2.1420277277939022,1.1498,2.229795956518501
1.15,2.151062692515552,1.15,2.2259238287806511
1.1502,2.1446091462858021,1.1502,2.2246331195347011
1.1504,2.1458998555317521,1.1504,2.2272145380266011
1.1506,2.1497719832696021,1.1506,2.229795956518501
1.1508,2.1484812740236521,1.1508,2.2285052472725511
1.151,2.153644111007452,1.151,2.229795956518501
1.1512,2.1471905647777021,1.1512,2.229795956518501
1.1514,2.1458998555317521,1.1514,2.2259238287806511
1.1516,2.1446091462858021,1.1516,2.232377375010401
1.1518,2.1497719832696021,1.1518,2.2233424102887511
1.152,2.1446091462858021,1.152,2.2246331195347011
1.1522,2.1446091462858021,1.1522,2.2233424102887511
1.1524,2.1433184370398521,1.1524,2.2220517010428011
1.1526,2.1433184370398521,1.1526,2.2220517010428011
1.1528,2.1471905647777021,1.1528,2.2220517010428011
1.153,2.1458998555317521,1.153,2.2181795733049512
1.1532,2.1407370185479522,1.1532,2.2194702825509012
1.1534,2.1394463093020022,1.1534,2.2233424102887511
1.1536,2.1368648908101022,1.1536,2.2194702825509012
1.1538,2.1342834723182023,1.1538,2.2207609917968512
1.154,2.1368648908101022,1.154,2.2194702825509012
1.1542,2.1355741815641522,1.1542,2.2143074455671012
1.1544,2.1317020538263023,1.1544,2.2130167363211513
1.1546,2.1394463093020022,1.1546,2.2181795733049512
1.1548,2.1329927630722523,1.1548,2.2130167363211513
1.155,2.1342834723182023,1.155,2.2117260270752013
1.1552,2.1342834723182023,1.1552,2.2026910623535514
1.1554,2.1291206353344023,1.1554,2.2052724808454514
1.1556,2.1252485075965524,1.1556,2.2091446085833013
1.1558,2.1200856706127524,1.1558,2.2001096438616514
1.156,2.1265392168425024,1.156,2.2065631900914013
1.1562,2.1200856706127524,1.1562,2.1988189346157014
1.1564,2.1239577983506024,1.1564,2.2001096438616514
1.1566,2.1200856706127524,1.1566,2.1936560976319015
1.1568,2.1162135428749025,1.1568,2.1949468068778515
1.157,2.1123414151370525,1.157,2.1949468068778515
1.1572,2.1136321243830025,1.1572,2.1936560976319015
1.1574,2.1123414151370525,1.1574,2.1962375161238015
1.1576,2.1097599966451526,1.1576,2.1859118421562016
1.1578,2.1123414151370525,1.1578,2.1884932606481016
1.158,2.1110507058911026,1.158,2.1910746791400015
1.1582,2.1084692873992026,1.1582,2.1846211329102516
1.1584,2.1123414151370525,1.1584,2.1859118421562016
1.1586,2.1110507058911026,1.1586,2.1820397144183517
1.1588,2.1045971596613526,1.1588,2.1884932606481016
1.159,2.1058878689073026,1.159,2.1872025514021516
1.1592,2.1045971596613526,1.1592,2.1833304236643016
1.1594,2.1084692873992026,1.1594,2.1859118421562016
1.1596,2.1020157411694527,1.1596,2.1859118421562016
1.1598,2.1020157411694527,1.1598,2.1846211329102516
1.16,2.1020157411694527,1.16,2.1794582959264517
1.1602,2.1045971596613526,1.1602,2.1807490051724017
1.1604,2.1045971596613526,1.1604,2.1820397144183517
1.1606,2.1045971596613526,1.1606,2.1807490051724017
1.1608,2.1033064504154027,1.1608,2.1846211329102516
1.161,2.1020157411694527,1.161,2.1820397144183517
1.1612,2.1058878689073026,1.1612,2.1781675866805017
1.1614,2.1045971596613526,1.1614,2.1768768774345517
1.1616,2.1045971596613526,1.1616,2.1833304236643016
1.1618,2.1033064504154027,1.1618,2.1833304236643016
1.162,2.1007250319235027,1.162,2.1923653883859515
1.1622,2.1033064504154027,1.1622,2.1884932606481016
1.1624,2.1058878689073026,1.1624,2.1846211329102516
1.1626,2.1058878689073026,1.1626,2.1872025514021516
1.1628,2.1045971596613526,1.1628,2.1897839698940516
1.163,2.1084692873992026,1.163,2.1872025514021516
1.1632,2.1097599966451526,1.1632,2.1910746791400015
1.1634,2.1084692873992026,1.1634,2.1936560976319015
1.1636,2.1045971596613526,1.1636,2.1923653883859515
1.1638,2.1123414151370525,1.1638,2.1936560976319015
1.164,2.1136321243830025,1.164,2.1884932606481016
1.1642,2.1149228336289525,1.1642,2.1936560976319015
1.1644,2.1162135428749025,1.1644,2.2001096438616514
1.1646,2.1136321243830025,1.1646,2.1975282253697515
1.1648,2.1136321243830025,1.1648,2.1949468068778515
1.165,2.1200856706127524,1.165,2.2014003531076014
1.1652,2.1278299260884523,1.1652,2.2104353178292513
1.1654,2.1239577983506024,1.1654,2.2091446085833013
1.1656,2.1226670891046524,1.1656,2.2052724808454514
1.1658,2.1265392168425024,1.1658,2.2091446085833013
1.166,2.1278299260884523,1.166,2.2143074455671012
1.1662,2.1252485075965524,1.1662,2.2104353178292513
1.1664,2.1252485075965524,1.1664,2.2117260270752013
1.1666,2.1317020538263023,1.1666,2.2155981548130512
1.1668,2.1291206353344023,1.1668,2.2143074455671012
1.167,2.1342834723182023,1.167,2.2181795733049512
1.1672,2.1355741815641522,1.1672,2.2143074455671012
1.1674,2.1342834723182023,1.1674,2.2194702825509012
1.1676,2.1381556000560522,1.1676,2.2259238287806511
1.1678,2.1394463093020022,1.1678,2.2246331195347011
1.168,2.1394463093020022,1.168,2.2207609917968512
1.1682,2.1394463093020022,1.1682,2.2233424102887511
1.1684,2.1471905647777021,1.1684,2.2233424102887511
1.1686,2.1471905647777021,1.1686,2.2246331195347011
1.1688,2.1484812740236521,1.1688,2.2220517010428011
1.169,2.1458998555317521,1.169,2.2285052472725511
1.1692,2.1420277277939022,1.1692,2.2272145380266011
1.1694,2.1471905647777021,1.1694,2.2285052472725511
1.1696,2.1446091462858021,1.1696,2.233668084256351
1.1698,2.1420277277939022,1.1698,2.2259238287806511
1.17,2.1484812740236521,1.17,2.2285052472725511
1.1702,2.1497719832696021,1.1702,2.2272145380266011
1.1704,2.1471905647777021,1.1704,2.2272145380266011
1.1706,2.1458998555317521,1.1706,2.229795956518501
1.1708,2.1484812740236521,1.1708,2.234958793502301
1.171,2.1458998555317521,1.171,2.2285052472725511
1.1712,2.1446091462858021,1.1712,2.2233424102887511
1.1714,2.1471905647777021,1.1714,2.232377375010401
1.1716,2.1471905647777021,1.1716,2.2285052472725511
1.1718,2.1484812740236521,1.1718,2.2259238287806511
1.172,2.1471905647777021,1.172,2.2285052472725511
1.1722,2.1471905647777021,1.1722,2.2272145380266011
1.1724,2.1484812740236521,1.1724,2.2233424102887511
1.1726,2.1446091462858021,1.1726,2.2233424102887511
1.1728,2.1484812740236521,1.1728,2.2233424102887511
1.173,2.1407370185479522,1.173,2.2168888640590012
1.1732,2.1420277277939022,1.1732,2.2194702825509012
1.1734,2.1407370185479522,1.1734,2.2168888640590012
1.1736,2.1368648908101022,1.1736,2.2220517010428011
1.1738,2.1381556000560522,1.1738,2.2194702825509012
1.174,2.1329927630722523,1.174,2.2220517010428011
1.1742,2.1355741815641522,1.1742,2.2143074455671012
1.1744,2.1329927630722523,1.1744,2.2155981548130512
1.1746,2.1342834723182023,1.1746,2.2143074455671012
1.1748,2.1342834723182023,1.1748,2.2130167363211513
1.175,2.1278299260884523,1.175,2.2130167363211513
1.1752,2.1278299260884523,1.1752,2.2052724808454514
1.1754,2.1239577983506024,1.1754,2.2052724808454514
1.1756,2.1252485075965524,1.1756,2.2014003531076014
1.1758,2.1239577983506024,1.1758,2.2065631900914013
1.176,2.1252485075965524,1.176,2.2026910623535514
1.1762,2.1200856706127524,1.1762,2.2026910623535514
1.1764,2.1239577983506024,1.1764,2.1975282253697515
1.1766,2.1187949613668025,1.1766,2.2001096438616514
1.1768,2.1149228336289525,1.1768,2.1923653883859515
1.177,2.1097599966451526,1.177,2.1988189346157014
1.1772,2.1136321243830025,1.1772,2.1949468068778515
1.1774,2.1149228336289525,1.1774,2.1936560976319015
1.1776,2.1071785781532526,1.1776,2.1910746791400015
1.1778,2.1071785781532526,1.1778,2.1859118421562016
1.178,2.1084692873992026,1.178,2.1923653883859515
1.1782,2.1071785781532526,1.1782,2.1897839698940516
1.1784,2.1084692873992026,1.1784,2.1872025514021516
1.1786,2.1097599966451526,1.1786,2.1923653883859515
1.1788,2.0955621949397027,1.1788,2.1859118421562016
1.179,2.1033064504154027,1.179,2.1859118421562016
1.1792,2.1033064504154027,1.1792,2.1859118421562016
1.1794,2.1084692873992026,1.1794,2.1872025514021516
1.1796,2.0994343226775527,1.1796,2.1846211329102516
1.1798,2.1033064504154027,1.1798,2.1820397144183517
1.18,2.0968529041856527,1.18,2.1872025514021516
1.1802,2.1033064504154027,1.1802,2.1820397144183517
1.1804,2.1033064504154027,1.1804,2.1794582959264517
1.1806,2.1020157411694527,1.1806,2.1859118421562016
1.1808,2.1007250319235027,1.1808,2.1794582959264517
1.181,2.1045971596613526,1.181,2.1910746791400015
1.1812,2.0981436134316027,1.1812,2.1781675866805017
1.1814,2.0981436134316027,1.1814,2.1846211329102516
1.1816,2.1045971596613526,1.1816,2.1833304236643016
1.1818,2.0968529041856527,1.1818,2.1807490051724017
1.182,2.0994343226775527,1.182,2.1846211329102516
1.1822,2.1058878689073026,1.1822,2.1833304236643016
1.1824,2.1033064504154027,1.1824,2.1897839698940516
1.1826,2.1033064504154027,1.1826,2.1859118421562016
1.1828,2.1110507058911026,1.1828,2.1859118421562016
1.183,2.1084692873992026,1.183,2.1949468068778515
1.1832,2.1071785781532526,1.1832,2.1872025514021516
1.1834,2.1097599966451526,1.1834,2.1872025514021516
1.1836,2.1110507058911026,1.1836,2.1897839698940516
1.1838,2.1123414151370525,1.1838,2.1884932606481016
1.184,2.1136321243830025,1.184,2.1975282253697515
1.1842,2.1136321243830025,1.1842,2.1975282253697515
1.1844,2.1110507058911026,1.1844,2.1962375161238015
1.1846,2.1162135428749025,1.1846,2.1975282253697515
1.1848,2.1175042521208525,1.1848,2.1975282253697515
1.185,2.1162135428749025,1.185,2.2026910623535514
1.1852,2.1187949613668025,1.1852,2.2014003531076014
1.1854,2.1226670891046524,1.1854,2.2052724808454514
1.1856,2.1265392168425024,1.1856,2.2052724808454514
1.1858,2.1317020538263023,1.1858,2.2065631900914013
1.186,2.1252485075965524,1.186,2.2078538993373513
1.1862,2.1278299260884523,1.1862,2.2117260270752013
1.1864,2.1342834723182023,1.1864,2.2117260270752013
1.1866,2.1291206353344023,1.1866,2.2052724808454514
1.1868,2.1317020538263023,1.1868,2.2181795733049512
1.187,2.1329927630722523,1.187,2.2181795733049512
1.1872,2.1355741815641522,1.1872,2.2181795733049512
1.1874,2.1420277277939022,1.1874,2.2207609917968512
1.1876,2.1394463093020022,1.1876,2.2233424102887511
1.1878,2.1381556000560522,1.1878,2.2207609917968512
1.188,2.1407370185479522,1.188,2.2207609917968512
1.1882,2.1381556000560522,1.1882,2.2168888640590012
1.1884,2.1420277277939022,1.1884,2.2194702825509012
1.1886,2.1407370185479522,1.1886,2.2272145380266011
1.1888,2.1446091462858021,1.1888,2.2285052472725511
1.189,2.1446091462858021,1.189,2.2233424102887511
1.1892,2.1458998555317521,1.1892,2.2285052472725511
1.1894,2.1458998555317521,1.1894,2.2233424102887511
1.1896,2.1458998555317521,1.1896,2.2259238287806511
1.1898,2.1471905647777021,1.1898,2.2259238287806511
1.19,2.1446091462858021,1.19,2.232377375010401
1.1902,2.1484812740236521,1.1902,2.2246331195347011
1.1904,2.1446091462858021,1.1904,2.233668084256351
1.1906,2.1497719832696021,1.1906,2.2272145380266011
1.1908,2.1446091462858021,1.1908,2.2272145380266011
1.191,2.1446091462858021,1.191,2.229795956518501
1.1912,2.1471905647777021,1.1912,2.2259238287806511
1.1914,2.1433184370398521,1.1914,2.231086665764451
1.1916,2.1497719832696021,1.1916,2.229795956518501
1.1918,2.1446091462858021,1.1918,2.229795956518501
1.192,2.1458998555317521,1.192,2.2259238287806511
1.1922,2.1433184370398521,1.1922,2.2194702825509012
1.1924,2.1471905647777021,1.1924,2.2207609917968512
1.1926,2.1458998555317521,1.1926,2.2233424102887511
1.1928,2.1458998555317521,1.1928,2.2259238287806511
1.193,2.1420277277939022,1.193,2.2233424102887511
1.1932,2.1368648908101022,1.1932,2.2233424102887511
1.1934,2.1420277277939022,1.1934,2.2220517010428011
1.1936,2.1420277277939022,1.1936,2.2194702825509012
1.1938,2.1394463093020022,1.1938,2.2220517010428011
1.194,2.1381556000560522,1.194,2.2207609917968512
1.1942,2.1355741815641522,1.1942,2.2130167363211513
1.1944,2.1368648908101022,1.1944,2.2130167363211513
1.1946,2.1368648908101022,1.1946,2.2168888640590012
1.1948,2.1342834723182023,1.1948,2.2155981548130512
1.195,2.1291206353344023,1.195,2.2130167363211513
1.1952,2.1291206353344023,1.1952,2.2104353178292513
1.1954,2.1278299260884523,1.1954,2.2052724808454514
1.1956,2.1252485075965524,1.1956,2.2039817715995014
1.1958,2.1265392168425024,1.1958,2.2078538993373513
1.196,2.1239577983506024,1.196,2.1988189346157014
1.1962,2.1162135428749025,1.1962,2.2001096438616514
1.1964,2.1200856706127524,1.1964,2.1975282253697515
1.1966,2.1175042521208525,1.1966,2.1988189346157014
1.1968,2.1162135428749025,1.1968,2.1988189346157014
1.197,2.1162135428749025,1.197,2.1923653883859515
1.1972,2.1071785781532526,1.1972,2.1949468068778515
1.1974,2.1149228336289525,1.1974,2.1975282253697515
1.1976,2.1110507058911026,1.1976,2.1923653883859515
1.1978,2.1136321243830025,1.1978,2.1910746791400015
1.198,2.1136321243830025,1.198,2.1897839698940516
1.1982,2.1110507058911026,1.1982,2.1897839698940516
1.1984,2.1084692873992026,1.1984,2.1872025514021516
1.1986,2.1033064504154027,1.1986,2.1859118421562016
1.1988,2.1058878689073026,1.1988,2.1846211329102516
1.199,2.1058878689073026,1.199,2.1807490051724017
1.1992,2.1084692873992026,1.1992,2.1872025514021516
1.1994,2.1058878689073026,1.1994,2.1859118421562016
1.1996,2.1033064504154027,1.1996,2.1859118421562016
1.1998,2.1033064504154027,1.1998,2.1884932606481016
1.2,2.1045971596613526,1.2,2.1897839698940516
1.2002,2.1058878689073026,1.2002,2.1820397144183517
1.2004,2.0994343226775527,1.2004,2.1846211329102516
1.2006,2.1007250319235027,1.2006,2.1820397144183517
1.2008,2.1033064504154027,1.2008,2.1820397144183517
1.201,2.1007250319235027,1.201,2.1794582959264517
1.2012,2.0994343226775527,1.2012,2.1820397144183517
1.2014,2.1007250319235027,1.2014,2.1781675866805017
1.2016,2.0994343226775527,1.2016,2.1820397144183517
1.2018,2.0981436134316027,1.2018,2.1872025514021516
1.202,2.1020157411694527,1.202,2.1872025514021516
1.2022,2.1033064504154027,1.2022,2.1846211329102516
1.2024,2.1033064504154027,1.2024,2.1884932606481016
1.2026,2.1033064504154027,1.2026,2.1884932606481016
1.2028,2.1084692873992026,1.2028,2.1884932606481016
1.203,2.1033064504154027,1.203,2.1923653883859515
1.2032,2.1071785781532526,1.2032,2.1846211329102516
1.2034,2.1097599966451526,1.2034,2.1910746791400015
1.2036,2.1097599966451526,1.2036,2.1923653883859515
1.2038,2.1123414151370525,1.2038,2.1884932606481016
1.204,2.1162135428749025,1.204,2.1949468068778515
1.2042,2.1136321243830025,1.2042,2.2001096438616514
1.2044,2.1123414151370525,1.2044,2.1988189346157014
1.2046,2.1110507058911026,1.2046,2.1975282253697515
1.2048,2.1123414151370525,1.2048,2.1988189346157014
1.205,2.1226670891046524,1.205,2.1988189346157014
1.2052,2.1187949613668025,1.2052,2.2026910623535514
1.2054,2.1278299260884523,1.2054,2.2014003531076014
1.2056,2.1265392168425024,1.2056,2.2104353178292513
1.2058,2.1265392168425024,1.2058,2.2130167363211513
1.206,2.1252485075965524,1.206,2.2143074455671012
1.2062,2.1317020538263023,1.2062,2.2091446085833013
1.2064,2.1291206353344023,1.2064,2.2078538993373513
1.2066,2.1317020538263023,1.2066,2.2168888640590012
1.2068,2.1317020538263023,1.2068,2.2130167363211513
1.207,2.1317020538263023,1.207,2.2207609917968512
1.2072,2.1394463093020022,1.2072,2.2181795733049512
1.2074,2.1329927630722523,1.2074,2.2233424102887511
1.2076,2.1381556000560522,1.2076,2.2233424102887511
1.2078,2.1407370185479522,1.2078,2.2220517010428011
1.208,2.1433184370398521,1.208,2.2168888640590012
1.2082,2.1420277277939022,1.2082,2.2181795733049512
1.2084,2.1420277277939022,1.2084,2.2233424102887511
1.2086,2.1446091462858021,1.2086,2.2246331195347011
1.2088,2.1433184370398521,1.2088,2.2246331195347011
1.209,2.1420277277939022,1.209,2.2272145380266011
1.2092,2.1407370185479522,1.2092,2.2259238287806511
1.2094,2.1471905647777021,1.2094,2.2259238287806511
1.2096,2.1420277277939022,1.2096,2.2272145380266011
1.2098,2.1497719832696021,1.2098,2.2285052472725511
1.21,2.1484812740236521,1.21,2.2272145380266011
1.2102,2.1497719832696021,1.2102,2.2285052472725511
1.2104,2.1497719832696021,1.2104,2.2272145380266011
1.2106,2.1458998555317521,1.2106,2.2272145380266011
1.2108,2.1471905647777021,1.2108,2.231086665764451
1.211,2.1458998555317521,1.211,2.2246331195347011
1.2112,2.1497719832696021,1.2112,2.229795956518501
1.2114,2.1497719832696021,1.2114,2.234958793502301
1.2116,2.1458998555317521,1.2116,2.2285052472725511
1.2118,2.1446091462858021,1.2118,2.229795956518501
1.212,2.1497719832696021,1.212,2.2233424102887511
1.2122,2.1433184370398521,1.2122,2.2220517010428011
1.2124,2.1446091462858021,1.2124,2.2272145380266011
1.2126,2.1420277277939022,1.2126,2.2272145380266011
1.2128,2.1407370185479522,1.2128,2.2207609917968512
1.213,2.1446091462858021,1.213,2.2207609917968512
1.2132,2.1394463093020022,1.2132,2.2207609917968512
1.2134,2.1407370185479522,1.2134,2.2207609917968512
1.2136,2.1394463093020022,1.2136,2.2233424102887511
1.2138,2.1381556000560522,1.2138,2.2168888640590012
1.214,2.1394463093020022,1.214,2.2194702825509012
1.2142,2.1458998555317521,1.2142,2.2168888640590012
1.2144,2.1394463093020022,1.2144,2.2143074455671012
1.2146,2.1368648908101022,1.2146,2.2168888640590012
1.2148,2.1329927630722523,1.2148,2.2130167363211513
1.215,2.1342834723182023,1.215,2.2065631900914013
1.2152,2.1342834723182023,1.2152,2.2130167363211513
1.2154,2.1265392168425024,1.2154,2.2026910623535514
1.2156,2.1265392168425024,1.2156,2.2078538993373513
1.2158,2.1252485075965524,1.2158,2.2026910623535514
1.216,2.1239577983506024,1.216,2.2001096438616514
1.2162,2.1213763798587024,1.2162,2.2014003531076014
1.2164,2.1226670891046524,1.2164,2.2039817715995014
1.2166,2.1200856706127524,1.2166,2.1923653883859515
1.2168,2.1213763798587024,1.2168,2.2014003531076014
1.217,2.1136321243830025,1.217,2.1975282253697515
1.2172,2.1110507058911026,1.2172,2.1988189346157014
1.2174,2.1136321243830025,1.2174,2.1962375161238015
1.2176,2.1123414151370525,1.2176,2.1923653883859515
1.2178,2.1162135428749025,1.2178,2.1897839698940516
1.218,2.1110507058911026,1.218,2.1872025514021516
1.2182,2.1084692873992026,1.2182,2.1936560976319015
1.2184,2.1058878689073026,1.2184,2.1897839698940516
1.2186,2.1045971596613526,1.2186,2.1884932606481016
1.2188,2.1045971596613526,1.2188,2.1910746791400015
1.219,2.1097599966451526,1.219,2.1872025514021516
1.2192,2.1136321243830025,1.2192,2.1859118421562016
1.2194,2.1071785781532526,1.2194,2.1859118421562016
1.2196,2.1020157411694527,1.2196,2.1884932606481016
1.2198,2.1045971596613526,1.2198,2.1872025514021516
1.22,2.1020157411694527,1.22,2.1807490051724017
1.2202,2.0994343226775527,1.2202,2.1820397144183517
1.2204,2.0994343226775527,1.2204,2.1820397144183517
1.2206,2.1033064504154027,1.2206,2.1833304236643016
1.2208,2.1033064504154027,1.2208,2.1807490051724017
1.221,2.1033064504154027,1.221,2.1859118421562016
1.2212,2.1058878689073026,1.2212,2.1794582959264517
1.2214,2.1058878689073026,1.2214,2.1807490051724017
1.2216,2.1007250319235027,1.2216,2.1807490051724017
1.2218,2.1045971596613526,1.2218,2.1872025514021516
1.222,2.1058878689073026,1.222,2.1846211329102516
1.2222,2.1084692873992026,1.2222,2.1859118421562016
1.2224,2.1033064504154027,1.2224,2.1859118421562016
1.2226,2.1110507058911026,1.2226,2.1859118421562016
1.2228,2.1110507058911026,1.2228,2.1910746791400015
1.223,2.1136321243830025,1.223,2.1859118421562016
1.2232,2.1123414151370525,1.2232,2.1910746791400015
1.2234,2.1097599966451526,1.2234,2.1897839698940516
1.2236,2.1071785781532526,1.2236,2.1936560976319015
1.2238,2.1097599966451526,1.2238,2.1884932606481016
1.224,2.1123414151370525,1.224,2.1988189346157014
1.2242,2.1175042521208525,1.2242,2.1897839698940516
1.2244,2.1175042521208525,1.2244,2.1962375161238015
1.2246,2.1187949613668025,1.2246,2.1962375161238015
1.2248,2.1136321243830025,1.2248,2.1975282253697515
1.225,2.1149228336289525,1.225,2.2026910623535514
1.2252,2.1162135428749025,1.2252,2.2039817715995014
1.2254,2.1226670891046524,1.2254,2.2065631900914013
1.2256,2.1278299260884523,1.2256,2.2001096438616514
1.2258,2.1278299260884523,1.2258,2.2052724808454514
1.226,2.1265392168425024,1.226,2.2065631900914013
1.2262,2.1291206353344023,1.2262,2.2104353178292513
1.2264,2.1329927630722523,1.2264,2.2143074455671012
1.2266,2.1291206353344023,1.2266,2.2194702825509012
1.2268,2.1304113445803523,1.2268,2.2130167363211513
1.227,2.1368648908101022,1.227,2.2130167363211513
1.2272,2.1368648908101022,1.2272,2.2168888640590012
1.2274,2.1381556000560522,1.2274,2.2168888640590012
1.2276,2.1368648908101022,1.2276,2.2220517010428011
1.2278,2.1420277277939022,1.2278,2.2155981548130512
1.228,2.1355741815641522,1.228,2.2194702825509012
1.2282,2.1381556000560522,1.2282,2.2207609917968512
1.2284,2.1394463093020022,1.2284,2.2259238287806511
1.2286,2.1394463093020022,1.2286,2.2220517010428011
1.2288,2.1420277277939022,1.2288,2.2259238287806511
1.229,2.1471905647777021,1.229,2.2246331195347011
1.2292,2.1446091462858021,1.2292,2.2272145380266011
1.2294,2.1420277277939022,1.2294,2.2246331195347011
1.2296,2.1471905647777021,1.2296,2.2272145380266011
1.2298,2.1471905647777021,1.2298,2.2272145380266011
1.23,2.1484812740236521,1.23,2.2246331195347011
1.2302,2.154934820253402,1.2302,2.229795956518501
1.2304,2.1433184370398521,1.2304,2.2285052472725511
1.2306,2.1458998555317521,1.2306,2.229795956518501
1.2308,2.1484812740236521,1.2308,2.2285052472725511
1.231,2.152353401761502,1.231,2.2259238287806511
1.2312,2.1484812740236521,1.2312,2.2246331195347011
1.2314,2.1497719832696021,1.2314,2.2285052472725511
1.2316,2.1471905647777021,1.2316,2.2272145380266011
1.2318,2.1458998555317521,1.2318,2.229795956518501
1.232,2.1458998555317521,1.232,2.231086665764451
1.2322,2.1497719832696021,1.2322,2.2259238287806511
1.2324,2.1433184370398521,1.2324,2.2259238287806511
1.2326,2.1458998555317521,1.2326,2.2272145380266011
1.2328,2.1368648908101022,1.2328,2.2259238287806511
1.233,2.1368648908101022,1.233,2.2259238287806511
1.2332,2.1381556000560522,1.2332,2.2233424102887511
1.2334,2.1420277277939022,1.2334,2.2207609917968512
1.2336,2.1407370185479522,1.2336,2.2181795733049512
1.2338,2.1355741815641522,1.2338,2.2168888640590012
1.234,2.1342834723182023,1.234,2.2207609917968512
1.2342,2.1355741815641522,1.2342,2.2168888640590012
1.2344,2.1342834723182023,1.2344,2.2130167363211513
1.2346,2.1355741815641522,1.2346,2.2143074455671012
1.2348,2.1342834723182023,1.2348,2.2130167363211513
1.235,2.1304113445803523,1.235,2.2104353178292513
1.2352,2.1304113445803523,1.2352,2.2104353178292513
1.2354,2.1252485075965524,1.2354,2.2104353178292513
1.2356,2.1278299260884523,1.2356,2.1975282253697515
1.2358,2.1239577983506024,1.2358,2.2052724808454514
1.236,2.1252485075965524,1.236,2.1988189346157014
1.2362,2.1213763798587024,1.2362,2.2001096438616514
1.2364,2.1239577983506024,1.2364,2.1962375161238015
1.2366,2.1162135428749025,1.2366,2.1923653883859515
1.2368,2.1175042521208525,1.2368,2.1949468068778515
1.237,2.1175042521208525,1.237,2.1910746791400015
1.2372,2.1149228336289525,1.2372,2.1975282253697515
1.2374,2.1123414151370525,1.2374,2.1884932606481016
1.2376,2.1110507058911026,1.2376,2.1949468068778515
1.2378,2.1175042521208525,1.2378,2.1859118421562016
1.238,2.1084692873992026,1.238,2.1923653883859515
1.2382,2.1097599966451526,1.2382,2.1936560976319015
1.2384,2.1097599966451526,1.2384,2.1897839698940516
1.2386,2.1110507058911026,1.2386,2.1872025514021516
1.2388,2.1058878689073026,1.2388,2.1846211329102516
1.239,2.1033064504154027,1.239,2.1846211329102516
1.2392,2.1045971596613526,1.2392,2.1872025514021516
1.2394,2.1033064504154027,1.2394,2.1833304236643016
1.2396,2.1020157411694527,1.2396,2.1820397144183517
1.2398,2.0994343226775527,1.2398,2.1820397144183517
1.24,2.1033064504154027,1.24,2.1820397144183517
1.2402,2.1007250319235027,1.2402,2.1755861681886017
1.2404,2.1071785781532526,1.2404,2.1820397144183517
1.2406,2.1045971596613526,1.2406,2.1820397144183517
1.2408,2.1007250319235027,1.2408,2.1807490051724017
1.241,2.1058878689073026,1.241,2.1755861681886017
1.2412,2.1033064504154027,1.2412,2.1846211329102516
1.2414,2.1071785781532526,1.2414,2.1820397144183517
1.2416,2.1020157411694527,1.2416,2.1807490051724017
1.2418,2.1020157411694527,1.2418,2.1833304236643016
1.242,2.1033064504154027,1.242,2.1884932606481016
1.2422,2.1045971596613526,1.2422,2.1872025514021516
1.2424,2.1084692873992026,1.2424,2.1781675866805017
1.2426,2.1045971596613526,1.2426,2.1872025514021516
1.2428,2.1058878689073026,1.2428,2.1949468068778515
1.243,2.1071785781532526,1.243,2.1923653883859515
1.2432,2.1123414151370525,1.2432,2.1910746791400015
1.2434,2.1123414151370525,1.2434,2.1936560976319015
1.2436,2.1097599966451526,1.2436,2.1897839698940516
1.2438,2.1110507058911026,1.2438,2.1936560976319015
1.244,2.1149228336289525,1.244,2.1897839698940516
1.2442,2.1123414151370525,1.2442,2.1975282253697515
1.2444,2.1123414151370525,1.2444,2.1923653883859515
1.2446,2.1123414151370525,1.2446,2.1923653883859515
1.2448,2.1175042521208525,1.2448,2.1975282253697515
1.245,2.1162135428749025,1.245,2.2001096438616514
1.2452,2.1226670891046524,1.2452,2.2039817715995014
1.2454,2.1252485075965524,1.2454,2.2065631900914013
1.2456,2.1252485075965524,1.2456,2.2091446085833013
1.2458,2.1226670891046524,1.2458,2.2104353178292513
1.246,2.1304113445803523,1.246,2.2130167363211513
1.2462,2.1239577983506024,1.2462,2.2117260270752013
1.2464,2.1317020538263023,1.2464,2.2143074455671012
1.2466,2.1329927630722523,1.2466,2.2091446085833013
1.2468,2.1278299260884523,1.2468,2.2168888640590012
1.247,2.1342834723182023,1.247,2.2155981548130512
1.2472,2.1394463093020022,1.2472,2.2207609917968512
1.2474,2.1317020538263023,1.2474,2.2207609917968512
1.2476,2.1368648908101022,1.2476,2.2207609917968512
1.2478,2.1381556000560522,1.2478,2.2207609917968512
1.248,2.1355741815641522,1.248,2.2272145380266011
1.2482,2.1446091462858021,1.2482,2.2181795733049512
1.2484,2.1381556000560522,1.2484,2.2168888640590012
1.2486,2.1420277277939022,1.2486,2.2259238287806511
1.2488,2.1433184370398521,1.2488,2.2233424102887511
1.249,2.1446091462858021,1.249,2.2259238287806511
1.2492,2.1471905647777021,1.2492,2.2285052472725511
1.2494,2.1458998555317521,1.2494,2.2246331195347011
1.2496,2.1471905647777021,1.2496,2.2272145380266011
1.2498,2.1394463093020022,1.2498,2.2285052472725511
1.25,2.1484812740236521,1.25,2.2233424102887511
1.2502,2.153644111007452,1.2502,2.229795956518501
1.2504,2.1458998555317521,1.2504,2.229795956518501
1.2506,2.1497719832696021,1.2506,2.229795956518501
1.2508,2.1471905647777021,1.2508,2.232377375010401
1.251,2.1497719832696021,1.251,2.229795956518501
1.2512,2.1497719832696021,1.2512,2.2272145380266011
1.2514,2.152353401761502,1.2514,2.233668084256351
1.2516,2.1484812740236521,1.2516,2.232377375010401
1.2518,2.1471905647777021,1.2518,2.231086665764451
1.252,2.1420277277939022,1.252,2.2272145380266011
1.2522,2.1484812740236521,1.2522,2.233668084256351
1.2524,2.1497719832696021,1.2524,2.2233424102887511
1.2526,2.1420277277939022,1.2526,2.2220517010428011
1.2528,2.1446091462858021,1.2528,2.2220517010428011
1.253,2.1394463093020022,1.253,2.2194702825509012
1.2532,2.1394463093020022,1.2532,2.2194702825509012
1.2534,2.1420277277939022,1.2534,2.2194702825509012
1.2536,2.1355741815641522,1.2536,2.2181795733049512
1.2538,2.1355741815641522,1.2538,2.2181795733049512
1.254,2.1355741815641522,1.254,2.2130167363211513
1.2542,2.1329927630722523,1.2542,2.2181795733049512
1.2544,2.1368648908101022,1.2544,2.2168888640590012
1.2546,2.1355741815641522,1.2546,2.2168888640590012
1.2548,2.1342834723182023,1.2548,2.2130167363211513
1.255,2.1291206353344023,1.255,2.2078538993373513
1.2552,2.1317020538263023,1.2552,2.2117260270752013
1.2554,2.1278299260884523,1.2554,2.2078538993373513
1.2556,2.1278299260884523,1.2556,2.2052724808454514
1.2558,2.1278299260884523,1.2558,2.1988189346157014
1.256,2.1239577983506024,1.256,2.2014003531076014
1.2562,2.1226670891046524,1.2562,2.1975282253697515
1.2564,2.1200856706127524,1.2564,2.2026910623535514
1.2566,2.1226670891046524,1.2566,2.2026910623535514
1.2568,2.1149228336289525,1.2568,2.1975282253697515
1.257,2.1175042521208525,1.257,2.1988189346157014
1.2572,2.1162135428749025,1.2572,2.1910746791400015
1.2574,2.1123414151370525,1.2574,2.1897839698940516
1.2576,2.1097599966451526,1.2576,2.1936560976319015
1.2578,2.1110507058911026,1.2578,2.1910746791400015
1.258,2.1097599966451526,1.258,2.1910746791400015
1.2582,2.1175042521208525,1.2582,2.1897839698940516
1.2584,2.1123414151370525,1.2584,2.1884932606481016
1.2586,2.1033064504154027,1.2586,2.1846211329102516
1.2588,2.1045971596613526,1.2588,2.1872025514021516
1.259,2.1058878689073026,1.259,2.1833304236643016
1.2592,2.1058878689073026,1.2592,2.1833304236643016
1.2594,2.1020157411694527,1.2594,2.1807490051724017
1.2596,2.1045971596613526,1.2596,2.1884932606481016
1.2598,2.1007250319235027,1.2598,2.1846211329102516
1.26,2.1071785781532526,1.26,2.1846211329102516
1.2602,2.1007250319235027,1.2602,2.1820397144183517
1.2604,2.1033064504154027,1.2604,2.1846211329102516
1.2606,2.1020157411694527,1.2606,2.1794582959264517
1.2608,2.1020157411694527,1.2608,2.1794582959264517
1.261,2.0994343226775527,1.261,2.1807490051724017
1.2612,2.0968529041856527,1.2612,2.1872025514021516
1.2614,2.0994343226775527,1.2614,2.1794582959264517
1.2616,2.1007250319235027,1.2616,2.1846211329102516
1.2618,2.1007250319235027,1.2618,2.1820397144183517
1.262,2.1020157411694527,1.262,2.1807490051724017
1.2622,2.1007250319235027,1.2622,2.1859118421562016
1.2624,2.1071785781532526,1.2624,2.1884932606481016
1.2626,2.1033064504154027,1.2626,2.1872025514021516
1.2628,2.1007250319235027,1.2628,2.1884932606481016
1.263,2.1071785781532526,1.263,2.1846211329102516
1.2632,2.1045971596613526,1.2632,2.1897839698940516
1.2634,2.1020157411694527,1.2634,2.1910746791400015
1.2636,2.1123414151370525,1.2636,2.1910746791400015
1.2638,2.1136321243830025,1.2638,2.1923653883859515
1.264,2.1097599966451526,1.264,2.1897839698940516
1.2642,2.1136321243830025,1.2642,2.1923653883859515
1.2644,2.1149228336289525,1.2644,2.1936560976319015
1.2646,2.1162135428749025,1.2646,2.1936560976319015
1.2648,2.1162135428749025,1.2648,2.1949468068778515
1.265,2.1162135428749025,1.265,2.1988189346157014
1.2652,2.1252485075965524,1.2652,2.2091446085833013
1.2654,2.1213763798587024,1.2654,2.1962375161238015
1.2656,2.1252485075965524,1.2656,2.2052724808454514
1.2658,2.1252485075965524,1.2658,2.2026910623535514
1.266,2.1304113445803523,1.266,2.2065631900914013
1.2662,2.1252485075965524,1.2662,2.2065631900914013
1.2664,2.1291206353344023,1.2664,2.2130167363211513
1.2666,2.1265392168425024,1.2666,2.2065631900914013
1.2668,2.1342834723182023,1.2668,2.2194702825509012
1.267,2.1381556000560522,1.267,2.2168888640590012
1.2672,2.1317020538263023,1.2672,2.2117260270752013
1.2674,2.1355741815641522,1.2674,2.2181795733049512
1.2676,2.1355741815641522,1.2676,2.2194702825509012
1.2678,2.1381556000560522,1.2678,2.2130167363211513
1.268,2.1407370185479522,1.268,2.2194702825509012
1.2682,2.1394463093020022,1.2682,2.2220517010428011
1.2684,2.1381556000560522,1.2684,2.2233424102887511
1.2686,2.1446091462858021,1.2686,2.2246331195347011
1.2688,2.1433184370398521,1.2688,2.2272145380266011
1.269,2.1446091462858021,1.269,2.2259238287806511
1.2692,2.1433184370398521,1.2692,2.2207609917968512
1.2694,2.1446091462858021,1.2694,2.2272145380266011
1.2696,2.1484812740236521,1.2696,2.2285052472725511
1.2698,2.1471905647777021,1.2698,2.232377375010401
1.27,2.1484812740236521,1.27,2.2285052472725511
1.2702,2.1458998555317521,1.2702,2.2285052472725511
1.2704,2.1484812740236521,1.2704,2.2259238287806511
1.2706,2.1471905647777021,1.2706,2.231086665764451
1.2708,2.1484812740236521,1.2708,2.2272145380266011
1.271,2.1458998555317521,1.271,2.2285052472725511
1.2712,2.152353401761502,1.2712,2.229795956518501
1.2714,2.1497719832696021,1.2714,2.2246331195347011
1.2716,2.1484812740236521,1.2716,2.2259238287806511
1.2718,2.1497719832696021,1.2718,2.2233424102887511
1.272,2.1446091462858021,1.272,2.2168888640590012
1.2722,2.1497719832696021,1.2722,2.2246331195347011
1.2724,2.1458998555317521,1.2724,2.229795956518501
1.2726,2.1420277277939022,1.2726,2.2233424102887511
1.2728,2.1471905647777021,1.2728,2.2220517010428011
1.273,2.1381556000560522,1.273,2.2246331195347011
1.2732,2.1420277277939022,1.2732,2.2272145380266011
1.2734,2.1381556000560522,1.2734,2.2233424102887511
1.2736,2.1433184370398521,1.2736,2.2259238287806511
1.2738,2.1394463093020022,1.2738,2.2220517010428011
1.274,2.1394463093020022,1.274,2.2155981548130512
1.2742,2.1329927630722523,1.2742,2.2220517010428011
1.2744,2.1368648908101022,1.2744,2.2181795733049512
1.2746,2.1394463093020022,1.2746,2.2181795733049512
1.2748,2.1355741815641522,1.2748,2.2168888640590012
1.275,2.1317020538263023,1.275,2.2207609917968512
1.2752,2.1317020538263023,1.2752,2.2104353178292513
1.2754,2.1252485075965524,1.2754,2.2181795733049512
1.2756,2.1239577983506024,1.2756,2.2052724808454514
1.2758,2.1200856706127524,1.2758,2.2039817715995014
1.276,2.1187949613668025,1.276,2.2026910623535514
1.2762,2.1213763798587024,1.2762,2.1975282253697515
1.2764,2.1213763798587024,1.2764,2.1962375161238015
1.2766,2.1162135428749025,1.2766,2.1962375161238015
1.2768,2.1136321243830025,1.2768,2.2001096438616514
1.277,2.1123414151370525,1.277,2.1975282253697515
1.2772,2.1136321243830025,1.2772,2.1897839698940516
1.2774,2.1110507058911026,1.2774,2.1962375161238015
1.2776,2.1084692873992026,1.2776,2.1949468068778515
1.2778,2.1084692873992026,1.2778,2.1897839698940516
1.278,2.1110507058911026,1.278,2.1923653883859515
1.2782,2.1058878689073026,1.2782,2.1910746791400015
1.2784,2.1071785781532526,1.2784,2.1872025514021516
1.2786,2.1058878689073026,1.2786,2.1859118421562016
1.2788,2.1045971596613526,1.2788,2.1820397144183517
1.279,2.1084692873992026,1.279,2.1846211329102516
1.2792,2.1058878689073026,1.2792,2.1872025514021516
1.2794,2.1020157411694527,1.2794,2.1820397144183517
1.2796,2.1033064504154027,1.2796,2.1884932606481016
1.2798,2.0994343226775527,1.2798,2.1833304236643016
1.28,2.1033064504154027,1.28,2.1820397144183517
1.2802,2.1020157411694527,1.2802,2.1820397144183517
1.2804,2.0994343226775527,1.2804,2.1794582959264517
1.2806,2.0994343226775527,1.2806,2.1846211329102516
1.2808,2.1020157411694527,1.2808,2.1781675866805017
1.281,2.1045971596613526,1.281,2.1846211329102516
1.2812,2.0994343226775527,1.2812,2.1807490051724017
1.2814,2.1007250319235027,1.2814,2.1820397144183517
1.2816,2.1007250319235027,1.2816,2.1846211329102516
1.2818,2.1020157411694527,1.2818,2.1807490051724017
1.282,2.0994343226775527,1.282,2.1872025514021516
1.2822,2.1020157411694527,1.2822,2.1884932606481016
1.2824,2.1007250319235027,1.2824,2.1872025514021516
1.2826,2.1058878689073026,1.2826,2.1884932606481016
1.2828,2.1071785781532526,1.2828,2.1884932606481016
1.283,2.1071785781532526,1.283,2.1897839698940516
1.2832,2.1123414151370525,1.2832,2.1884932606481016
1.2834,2.1149228336289525,1.2834,2.1949468068778515
1.2836,2.1097599966451526,1.2836,2.1910746791400015
1.2838,2.1123414151370525,1.2838,2.1923653883859515
1.284,2.1136321243830025,1.284,2.1949468068778515
1.2842,2.1136321243830025,1.2842,2.1949468068778515
1.2844,2.1175042521208525,1.2844,2.1897839698940516
1.2846,2.1162135428749025,1.2846,2.1936560976319015
1.2848,2.1149228336289525,1.2848,2.2026910623535514
1.285,2.1162135428749025,1.285,2.2001096438616514
1.2852,2.1226670891046524,1.2852,2.2039817715995014
1.2854,2.1213763798587024,1.2854,2.2065631900914013
1.2856,2.1252485075965524,1.2856,2.2026910623535514
1.2858,2.1252485075965524,1.2858,2.2065631900914013
1.286,2.1278299260884523,1.286,2.2078538993373513
1.2862,2.1291206353344023,1.2862,2.2104353178292513
1.2864,2.1291206353344023,1.2864,2.2130167363211513
1.2866,2.1317020538263023,1.2866,2.2143074455671012
1.2868,2.1368648908101022,1.2868,2.2143074455671012
1.287,2.1355741815641522,1.287,2.2194702825509012
1.2872,2.1329927630722523,1.2872,2.2091446085833013
1.2874,2.1355741815641522,1.2874,2.2155981548130512
1.2876,2.1381556000560522,1.2876,2.2233424102887511
1.2878,2.1420277277939022,1.2878,2.2168888640590012
1.288,2.1381556000560522,1.288,2.2207609917968512
1.2882,2.1394463093020022,1.2882,2.2194702825509012
1.2884,2.1433184370398521,1.2884,2.2259238287806511
1.2886,2.1446091462858021,1.2886,2.2220517010428011
1.2888,2.1458998555317521,1.2888,2.2233424102887511
1.289,2.1446091462858021,1.289,2.2220517010428011
1.2892,2.1381556000560522,1.2892,2.2246331195347011
1.2894,2.1471905647777021,1.2894,2.2220517010428011
1.2896,2.1433184370398521,1.2896,2.229795956518501
1.2898,2.1420277277939022,1.2898,2.2285052472725511
1.29,2.1458998555317521,1.29,2.229795956518501
1.2902,2.1446091462858021,1.2902,2.2259238287806511
1.2904,2.1433184370398521,1.2904,2.2272145380266011
1.2906,2.1484812740236521,1.2906,2.2285052472725511
1.2908,2.1471905647777021,1.2908,2.2259238287806511
1.291,2.1446091462858021,1.291,2.229795956518501
1.2912,2.1458998555317521,1.2912,2.229795956518501
1.2914,2.1497719832696021,1.2914,2.2220517010428011
1.2916,2.1433184370398521,1.2916,2.2272145380266011
1.2918,2.1433184370398521,1.2918,2.2285052472725511
1.292,2.1484812740236521,1.292,2.2246331195347011
1.2922,2.1446091462858021,1.2922,2.2233424102887511
1.2924,2.1394463093020022,1.2924,2.2220517010428011
1.2926,2.1433184370398521,1.2926,2.2220517010428011
1.2928,2.1420277277939022,1.2928,2.2194702825509012
1.293,2.1433184370398521,1.293,2.2233424102887511
1.2932,2.1420277277939022,1.2932,2.2259238287806511
1.2934,2.1407370185479522,1.2934,2.2194702825509012
1.2936,2.1394463093020022,1.2936,2.2181795733049512
1.2938,2.1394463093020022,1.2938,2.2181795733049512
1.294,2.1317020538263023,1.294,2.2143074455671012
1.2942,2.1317020538263023,1.2942,2.2143074455671012
1.2944,2.1355741815641522,1.2944,2.2130167363211513
1.2946,2.1329927630722523,1.2946,2.2130167363211513
1.2948,2.1342834723182023,1.2948,2.2168888640590012
1.295,2.1329927630722523,1.295,2.2104353178292513
1.2952,2.1304113445803523,1.2952,2.2091446085833013
1.2954,2.1239577983506024,1.2954,2.2026910623535514
1.2956,2.1239577983506024,1.2956,2.2026910623535514
1.2958,2.1252485075965524,1.2958,2.2039817715995014
1.296,2.1226670891046524,1.296,2.2001096438616514
1.2962,2.1239577983506024,1.2962,2.1988189346157014
1.2964,2.1213763798587024,1.2964,2.1949468068778515
1.2966,2.1136321243830025,1.2966,2.1949468068778515
1.2968,2.1149228336289525,1.2968,2.1949468068778515
1.297,2.1149228336289525,1.297,2.1988189346157014
1.2972,2.1149228336289525,1.2972,2.1923653883859515
1.2974,2.1136321243830025,1.2974,2.1884932606481016
1.2976,2.1136321243830025,1.2976,2.1910746791400015
1.2978,2.1084692873992026,1.2978,2.1936560976319015
1.298,2.1071785781532526,1.298,2.1897839698940516
1.2982,2.1097599966451526,1.2982,2.1923653883859515
1.2984,2.1071785781532526,1.2984,2.1859118421562016
1.2986,2.1123414151370525,1.2986,2.1859118421562016
1.2988,2.1058878689073026,1.2988,2.1833304236643016
1.299,2.1007250319235027,1.299,2.1884932606481016
1.2992,2.1045971596613526,1.2992,2.1884932606481016
1.2994,2.1071785781532526,1.2994,2.1846211329102516
1.2996,2.1058878689073026,1.2996,2.1884932606481016
1.2998,2.1071785781532526,1.2998,2.1833304236643016
1.3,2.1007250319235027,1.3,2.1859118421562016
1.3002,2.1007250319235027,1.3002,2.1833304236643016
1.3004,2.0981436134316027,1.3004,2.1846211329102516
1.3006,2.1033064504154027,1.3006,2.1807490051724017
1.3008,2.1007250319235027,1.3008,2.1820397144183517
1.301,2.1058878689073026,1.301,2.1872025514021516
1.3012,2.0994343226775527,1.3012,2.1897839698940516
1.3014,2.1033064504154027,1.3014,2.1833304236643016
1.3016,2.0994343226775527,1.3016,2.1846211329102516
1.3018,2.1007250319235027,1.3018,2.1820397144183517
1.302,2.0994343226775527,1.302,2.1768768774345517
1.3022,2.0994343226775527,1.3022,2.1846211329102516
1.3024,2.1071785781532526,1.3024,2.1859118421562016
1.3026,2.1084692873992026,1.3026,2.1884932606481016
1.3028,2.1110507058911026,1.3028,2.1884932606481016
1.303,2.1097599966451526,1.303,2.1910746791400015
1.3032,2.1084692873992026,1.3032,2.1897839698940516
1.3034,2.1084692873992026,1.3034,2.1923653883859515
1.3036,2.1084692873992026,1.3036,2.1936560976319015
1.3038,2.1097599966451526,1.3038,2.1936560976319015
1.304,2.1084692873992026,1.304,2.1923653883859515
1.3042,2.1097599966451526,1.3042,2.1884932606481016
1.3044,2.1136321243830025,1.3044,2.1936560976319015
1.3046,2.1097599966451526,1.3046,2.1923653883859515
1.3048,2.1162135428749025,1.3048,2.1936560976319015
1.305,2.1149228336289525,1.305,2.1975282253697515
1.3052,2.1252485075965524,1.3052,2.1988189346157014
1.3054,2.1213763798587024,1.3054,2.2001096438616514
1.3056,2.1226670891046524,1.3056,2.2026910623535514
1.3058,2.1265392168425024,1.3058,2.2065631900914013
1.306,2.1265392168425024,1.306,2.2052724808454514
1.3062,2.1239577983506024,1.3062,2.2078538993373513
1.3064,2.1317020538263023,1.3064,2.2143074455671012
1.3066,2.1329927630722523,1.3066,2.2143074455671012
1.3068,2.1368648908101022,1.3068,2.2143074455671012
1.307,2.1355741815641522,1.307,2.2143074455671012
1.3072,2.1329927630722523,1.3072,2.2207609917968512
1.3074,2.1342834723182023,1.3074,2.2207609917968512
1.3076,2.1394463093020022,1.3076,2.2194702825509012
1.3078,2.1355741815641522,1.3078,2.2259238287806511
1.308,2.1446091462858021,1.308,2.2233424102887511
1.3082,2.1394463093020022,1.3082,2.2207609917968512
1.3084,2.1381556000560522,1.3084,2.2259238287806511
1.3086,2.1458998555317521,1.3086,2.2259238287806511
1.3088,2.1407370185479522,1.3088,2.231086665764451
1.309,2.1433184370398521,1.309,2.2246331195347011
1.3092,2.1471905647777021,1.3092,2.2233424102887511
1.3094,2.1420277277939022,1.3094,2.2233424102887511
1.3096,2.1484812740236521,1.3096,2.229795956518501
1.3098,2.1471905647777021,1.3098,2.2233424102887511
1.31,2.1471905647777021,1.31,2.2246331195347011
1.3102,2.1420277277939022,1.3102,2.2246331195347011
1.3104,2.1471905647777021,1.3104,2.2246331195347011
1.3106,2.1471905647777021,1.3106,2.2246331195347011
1.3108,2.1446091462858021,1.3108,2.2233424102887511
1.311,2.1458998555317521,1.311,2.232377375010401
1.3112,2.1484812740236521,1.3112,2.233668084256351
1.3114,2.1471905647777021,1.3114,2.229795956518501
1.3116,2.1471905647777021,1.3116,2.2285052472725511
1.3118,2.1458998555317521,1.3118,2.233668084256351
1.312,2.1446091462858021,1.312,2.229795956518501
1.3122,2.1471905647777021,1.3122,2.233668084256351
1.3124,2.1497719832696021,1.3124,2.2181795733049512
1.3126,2.1433184370398521,1.3126,2.2181795733049512
1.3128,2.1420277277939022,1.3128,2.2207609917968512
1.313,2.1420277277939022,1.313,2.2259238287806511
1.3132,2.1394463093020022,1.3132,2.2194702825509012
1.3134,2.1407370185479522,1.3134,2.2207609917968512
1.3136,2.1381556000560522,1.3136,2.2155981548130512
1.3138,2.1394463093020022,1.3138,2.2168888640590012
1.314,2.1355741815641522,1.314,2.2207609917968512
1.3142,2.1355741815641522,1.3142,2.2155981548130512
1.3144,2.1368648908101022,1.3144,2.2117260270752013
1.3146,2.1394463093020022,1.3146,2.2143074455671012
1.3148,2.1342834723182023,1.3148,2.2130167363211513
1.315,2.1317020538263023,1.315,2.2104353178292513
1.3152,2.1291206353344023,1.3152,2.2091446085833013
1.3154,2.1317020538263023,1.3154,2.2130167363211513
1.3156,2.1252485075965524,1.3156,2.2014003531076014
1.3158,2.1226670891046524,1.3158,2.2078538993373513
1.316,2.1252485075965524,1.316,2.1962375161238015
1.3162,2.1239577983506024,1.3162,2.1975282253697515
1.3164,2.1175042521208525,1.3164,2.2001096438616514
1.3166,2.1200856706127524,1.3166,2.1975282253697515
1.3168,2.1175042521208525,1.3168,2.1923653883859515
1.317,2.1162135428749025,1.317,2.1936560976319015
1.3172,2.1162135428749025,1.3172,2.1936560976319015
1.3174,2.1097599966451526,1.3174,2.1910746791400015
1.3176,2.1123414151370525,1.3176,2.1936560976319015
1.3178,2.1123414151370525,1.3178,2.1910746791400015
1.318,2.1123414151370525,1.318,2.1923653883859515
1.3182,2.1136321243830025,1.3182,2.1897839698940516
1.3184,2.1071785781532526,1.3184,2.1949468068778515
1.3186,2.1071785781532526,1.3186,2.1807490051724017
1.3188,2.1058878689073026,1.3188,2.1846211329102516
1.319,2.1058878689073026,1.319,2.1897839698940516
1.3192,2.1045971596613526,1.3192,2.1833304236643016
1.3194,2.1045971596613526,1.3194,2.1833304236643016
1.3196,2.1020157411694527,1.3196,2.1820397144183517
1.3198,2.1045971596613526,1.3198,2.1859118421562016
1.32,2.1007250319235027,1.32,2.1807490051724017
1.3202,2.0994343226775527,1.3202,2.1846211329102516
1.3204,2.1007250319235027,1.3204,2.1781675866805017
1.3206,2.0994343226775527,1.3206,2.1794582959264517
1.3208,2.1020157411694527,1.3208,2.1781675866805017
1.321,2.1033064504154027,1.321,2.1755861681886017
1.3212,2.1033064504154027,1.3212,2.1807490051724017
1.3214,2.1045971596613526,1.3214,2.1872025514021516
1.3216,2.1033064504154027,1.3216,2.1820397144183517
1.3218,2.0968529041856527,1.3218,2.1884932606481016
1.322,2.1071785781532526,1.322,2.1833304236643016
1.3222,2.1033064504154027,1.3222,2.1884932606481016
1.3224,2.1084692873992026,1.3224,2.1910746791400015
1.3226,2.1071785781532526,1.3226,2.1833304236643016
1.3228,2.1136321243830025,1.3228,2.1897839698940516
1.323,2.1071785781532526,1.323,2.1884932606481016
1.3232,2.1097599966451526,1.3232,2.1884932606481016
1.3234,2.1084692873992026,1.3234,2.1897839698940516
1.3236,2.1110507058911026,1.3236,2.1897839698940516
1.3238,2.1071785781532526,1.3238,2.1910746791400015
1.324,2.1149228336289525,1.324,2.1962375161238015
1.3242,2.1149228336289525,1.3242,2.1923653883859515
1.3244,2.1136321243830025,1.3244,2.1936560976319015
1.3246,2.1136321243830025,1.3246,2.1962375161238015
1.3248,2.1136321243830025,1.3248,2.1897839698940516
1.325,2.1162135428749025,1.325,2.2052724808454514
1.3252,2.1252485075965524,1.3252,2.2026910623535514
1.3254,2.1252485075965524,1.3254,2.1975282253697515
1.3256,2.1252485075965524,1.3256,2.2014003531076014
1.3258,2.1291206353344023,1.3258,2.2052724808454514
1.326,2.1239577983506024,1.326,2.2065631900914013
1.3262,2.1304113445803523,1.3262,2.2091446085833013
1.3264,2.1291206353344023,1.3264,2.2078538993373513
1.3266,2.1368648908101022,1.3266,2.2117260270752013
1.3268,2.1355741815641522,1.3268,2.2143074455671012
1.327,2.1355741815641522,1.327,2.2143074455671012
1.3272,2.1329927630722523,1.3272,2.2155981548130512
1.3274,2.1355741815641522,1.3274,2.2155981548130512
1.3276,2.1368648908101022,1.3276,2.2181795733049512
1.3278,2.1394463093020022,1.3278,2.2168888640590012
1.328,2.1381556000560522,1.328,2.2246331195347011
1.3282,2.1368648908101022,1.3282,2.2246331195347011
1.3284,2.1433184370398521,1.3284,2.2220517010428011
1.3286,2.1420277277939022,1.3286,2.2259238287806511
1.3288,2.1420277277939022,1.3288,2.2220517010428011
1.329,2.1471905647777021,1.329,2.2272145380266011
1.3292,2.1471905647777021,1.3292,2.2233424102887511
1.3294,2.1484812740236521,1.3294,2.2272145380266011
1.3296,2.1381556000560522,1.3296,2.229795956518501
1.3298,2.1446091462858021,1.3298,2.2259238287806511
1.33,2.1458998555317521,1.33,2.2272145380266011
1.3302,2.1446091462858021,1.3302,2.2259238287806511
1.3304,2.1446091462858021,1.3304,2.2285052472725511
1.3306,2.1497719832696021,1.3306,2.2246331195347011
1.3308,2.151062692515552,1.3308,2.2246331195347011
1.331,2.1484812740236521,1.331,2.229795956518501
1.3312,2.1471905647777021,1.3312,2.2285052472725511
1.3314,2.1471905647777021,1.3314,2.2272145380266011
1.3316,2.1484812740236521,1.3316,2.229795956518501
1.3318,2.1471905647777021,1.3318,2.2272145380266011
1.332,2.151062692515552,1.332,2.2246331195347011
1.3322,2.1484812740236521,1.3322,2.2246331195347011
1.3324,2.1497719832696021,1.3324,2.2233424102887511
1.3326,2.1458998555317521,1.3326,2.2220517010428011
1.3328,2.1471905647777021,1.3328,2.2207609917968512
1.333,2.1407370185479522,1.333,2.2181795733049512
1.3332,2.1407370185479522,1.3332,2.2168888640590012
1.3334,2.1394463093020022,1.3334,2.2168888640590012
1.3336,2.1433184370398521,1.3336,2.2143074455671012
1.3338,2.1394463093020022,1.3338,2.2143074455671012
1.334,2.1368648908101022,1.334,2.2091446085833013
1.3342,2.1368648908101022,1.3342,2.2168888640590012
1.3344,2.1368648908101022,1.3344,2.2155981548130512
1.3346,2.1355741815641522,1.3346,2.2194702825509012
1.3348,2.1355741815641522,1.3348,2.2104353178292513
1.335,2.1355741815641522,1.335,2.2091446085833013
1.3352,2.1304113445803523,1.3352,2.2039817715995014
1.3354,2.1252485075965524,1.3354,2.2001096438616514
1.3356,2.1265392168425024,1.3356,2.2039817715995014
1.3358,2.1291206353344023,1.3358,2.2065631900914013
1.336,2.1213763798587024,1.336,2.2052724808454514
1.3362,2.1200856706127524,1.3362,2.2014003531076014
1.3364,2.1200856706127524,1.3364,2.2026910623535514
1.3366,2.1187949613668025,1.3366,2.2014003531076014
1.3368,2.1149228336289525,1.3368,2.1975282253697515
1.337,2.1136321243830025,1.337,2.2039817715995014
1.3372,2.1110507058911026,1.3372,2.1949468068778515
1.3374,2.1123414151370525,1.3374,2.1897839698940516
1.3376,2.1097599966451526,1.3376,2.1949468068778515
1.3378,2.1071785781532526,1.3378,2.1872025514021516
1.338,2.1084692873992026,1.338,2.1897839698940516
1.3382,2.1110507058911026,1.3382,2.1859118421562016
1.3384,2.1110507058911026,1.3384,2.1897839698940516
1.3386,2.1097599966451526,1.3386,2.1884932606481016
1.3388,2.1020157411694527,1.3388,2.1820397144183517
1.339,2.1007250319235027,1.339,2.1768768774345517
1.3392,2.1020157411694527,1.3392,2.1794582959264517
1.3394,2.1045971596613526,1.3394,2.1820397144183517
1.3396,2.1020157411694527,1.3396,2.1833304236643016
1.3398,2.1033064504154027,1.3398,2.1859118421562016
1.34,2.1033064504154027,1.34,2.1807490051724017
1.3402,2.1020157411694527,1.3402,2.1794582959264517
1.3404,2.1033064504154027,1.3404,2.1846211329102516
1.3406,2.1020157411694527,1.3406,2.1807490051724017
1.3408,2.0981436134316027,1.3408,2.1768768774345517
1.341,2.1033064504154027,1.341,2.1807490051724017
1.3412,2.0994343226775527,1.3412,2.1859118421562016
1.3414,2.0981436134316027,1.3414,2.1820397144183517
1.3416,2.1033064504154027,1.3416,2.1820397144183517
1.3418,2.1033064504154027,1.3418,2.1794582959264517
1.342,2.1020157411694527,1.342,2.1820397144183517
1.3422,2.1033064504154027,1.3422,2.1859118421562016
1.3424,2.1045971596613526,1.3424,2.1833304236643016
1.3426,2.1045971596613526,1.3426,2.1897839698940516
1.3428,2.1045971596613526,1.3428,2.1910746791400015
1.343,2.1084692873992026,1.343,2.1859118421562016
1.3432,2.1071785781532526,1.3432,2.1884932606481016
1.3434,2.1097599966451526,1.3434,2.1884932606481016
1.3436,2.1110507058911026,1.3436,2.1859118421562016
1.3438,2.1110507058911026,1.3438,2.1923653883859515
1.344,2.1084692873992026,1.344,2.1949468068778515
1.3442,2.1162135428749025,1.3442,2.1936560976319015
1.3444,2.1162135428749025,1.3444,2.1923653883859515
1.3446,2.1162135428749025,1.3446,2.1923653883859515
1.3448,2.1136321243830025,1.3448,2.1910746791400015
1.345,2.1123414151370525,1.345,2.1962375161238015
1.3452,2.1213763798587024,1.3452,2.2001096438616514
1.3454,2.1239577983506024,1.3454,2.2065631900914013
1.3456,2.1200856706127524,1.3456,2.1988189346157014
1.3458,2.1291206353344023,1.3458,2.2065631900914013
1.346,2.1291206353344023,1.346,2.2039817715995014
1.3462,2.1304113445803523,1.3462,2.2078538993373513
1.3464,2.1304113445803523,1.3464,2.2117260270752013
1.3466,2.1278299260884523,1.3466,2.2091446085833013
1.3468,2.1304113445803523,1.3468,2.2117260270752013
1.347,2.1291206353344023,1.347,2.2130167363211513
1.3472,2.1368648908101022,1.3472,2.2168888640590012
1.3474,2.1394463093020022,1.3474,2.2130167363211513
1.3476,2.1394463093020022,1.3476,2.2181795733049512
1.3478,2.1381556000560522,1.3478,2.2181795733049512
1.348,2.1407370185479522,1.348,2.2168888640590012
1.3482,2.1368648908101022,1.3482,2.2181795733049512
1.3484,2.1420277277939022,1.3484,2.2194702825509012
1.3486,2.1458998555317521,1.3486,2.2207609917968512
1.3488,2.1484812740236521,1.3488,2.2272145380266011
1.349,2.1433184370398521,1.349,2.2259238287806511
1.3492,2.1446091462858021,1.3492,2.2233424102887511
1.3494,2.1420277277939022,1.3494,2.2285052472725511
1.3496,2.1433184370398521,1.3496,2.2246331195347011
1.3498,2.1497719832696021,1.3498,2.2272145380266011
1.35,2.1471905647777021,1.35,2.2285052472725511
1.3502,2.1458998555317521,1.3502,2.2272145380266011
1.3504,2.1497719832696021,1.3504,2.2272145380266011
1.3506,2.1484812740236521,1.3506,2.229795956518501
1.3508,2.1484812740236521,1.3508,2.229795956518501
1.351,2.1446091462858021,1.351,2.2285052472725511
1.3512,2.1458998555317521,1.3512,2.2285052472725511
1.3514,2.1458998555317521,1.3514,2.2259238287806511
1.3516,2.1446091462858021,1.3516,2.2285052472725511
1.3518,2.1458998555317521,1.3518,2.2272145380266011
1.352,2.1497719832696021,1.352,2.2246331195347011
1.3522,2.1446091462858021,1.3522,2.2272145380266011
1.3524,2.1458998555317521,1.3524,2.2220517010428011
1.3526,2.1446091462858021,1.3526,2.2246331195347011
1.3528,2.1433184370398521,1.3528,2.2207609917968512
1.353,2.1420277277939022,1.353,2.2207609917968512
1.3532,2.1381556000560522,1.3532,2.2220517010428011
1.3534,2.1381556000560522,1.3534,2.2168888640590012
1.3536,2.1368648908101022,1.3536,2.2233424102887511
1.3538,2.1355741815641522,1.3538,2.2143074455671012
1.354,2.1394463093020022,1.354,2.2181795733049512
1.3542,2.1394463093020022,1.3542,2.2155981548130512
1.3544,2.1329927630722523,1.3544,2.2155981548130512
1.3546,2.1342834723182023,1.3546,2.2104353178292513
1.3548,2.1381556000560522,1.3548,2.2168888640590012
1.355,2.1355741815641522,1.355,2.2104353178292513
1.3552,2.1291206353344023,1.3552,2.2039817715995014
1.3554,2.1304113445803523,1.3554,2.2052724808454514
1.3556,2.1239577983506024,1.3556,2.2026910623535514
1.3558,2.1252485075965524,1.3558,2.2026910623535514
1.356,2.1278299260884523,1.356,2.2026910623535514
1.3562,2.1239577983506024,1.3562,2.1988189346157014
1.3564,2.1226670891046524,1.3564,2.1988189346157014
1.3566,2.1123414151370525,1.3566,2.1975282253697515
1.3568,2.1200856706127524,1.3568,2.1949468068778515
1.357,2.1200856706127524,1.357,2.1923653883859515
1.3572,2.1162135428749025,1.3572,2.1975282253697515
1.3574,2.1136321243830025,1.3574,2.1897839698940516
1.3576,2.1123414151370525,1.3576,2.1846211329102516
1.3578,2.1097599966451526,1.3578,2.1910746791400015
1.358,2.1110507058911026,1.358,2.1910746791400015
1.3582,2.1097599966451526,1.3582,2.1897839698940516
1.3584,2.1071785781532526,1.3584,2.1859118421562016
1.3586,2.1136321243830025,1.3586,2.1833304236643016
1.3588,2.1033064504154027,1.3588,2.1794582959264517
1.359,2.1007250319235027,1.359,2.1833304236643016
1.3592,2.1045971596613526,1.3592,2.1833304236643016
1.3594,2.1045971596613526,1.3594,2.1833304236643016
1.3596,2.1045971596613526,1.3596,2.1807490051724017
1.3598,2.0994343226775527,1.3598,2.1781675866805017
1.36,2.1007250319235027,1.36,2.1794582959264517
1.3602,2.1033064504154027,1.3602,2.1807490051724017
1.3604,2.1033064504154027,1.3604,2.1807490051724017
1.3606,2.1033064504154027,1.3606,2.1794582959264517
1.3608,2.0994343226775527,1.3608,2.1807490051724017
1.361,2.0994343226775527,1.361,2.1794582959264517
1.3612,2.1033064504154027,1.3612,2.1820397144183517
1.3614,2.1045971596613526,1.3614,2.1833304236643016
1.3616,2.0994343226775527,1.3616,2.1781675866805017
1.3618,2.0994343226775527,1.3618,2.1833304236643016
1.362,2.1033064504154027,1.362,2.1833304236643016
1.3622,2.1020157411694527,1.3622,2.1846211329102516
1.3624,2.1045971596613526,1.3624,2.1859118421562016
1.3626,2.1071785781532526,1.3626,2.1910746791400015
1.3628,2.1097599966451526,1.3628,2.1833304236643016
1.363,2.1110507058911026,1.363,2.1897839698940516
1.3632,2.1058878689073026,1.3632,2.1872025514021516
1.3634,2.1110507058911026,1.3634,2.1859118421562016
1.3636,2.1084692873992026,1.3636,2.1859118421562016
1.3638,2.1110507058911026,1.3638,2.1897839698940516
1.364,2.1136321243830025,1.364,2.1962375161238015
1.3642,2.1136321243830025,1.3642,2.1936560976319015
1.3644,2.1162135428749025,1.3644,2.1923653883859515
1.3646,2.1149228336289525,1.3646,2.1975282253697515
1.3648,2.1200856706127524,1.3648,2.1975282253697515
1.365,2.1175042521208525,1.365,2.2001096438616514
1.3652,2.1226670891046524,1.3652,2.2052724808454514
1.3654,2.1278299260884523,1.3654,2.2001096438616514
1.3656,2.1200856706127524,1.3656,2.2026910623535514
1.3658,2.1226670891046524,1.3658,2.2039817715995014
1.366,2.1265392168425024,1.366,2.2039817715995014
1.3662,2.1239577983506024,1.3662,2.2052724808454514
1.3664,2.1304113445803523,1.3664,2.2091446085833013
1.3666,2.1304113445803523,1.3666,2.2130167363211513
1.3668,2.1291206353344023,1.3668,2.2130167363211513
1.367,2.1355741815641522,1.367,2.2091446085833013
1.3672,2.1317020538263023,1.3672,2.2130167363211513
1.3674,2.1368648908101022,1.3674,2.2130167363211513
1.3676,2.1368648908101022,1.3676,2.2181795733049512
1.3678,2.1368648908101022,1.3678,2.2143074455671012
1.368,2.1368648908101022,1.368,2.2207609917968512
1.3682,2.1407370185479522,1.3682,2.2181795733049512
1.3684,2.1420277277939022,1.3684,2.2194702825509012
1.3686,2.1420277277939022,1.3686,2.2285052472725511
1.3688,2.1407370185479522,1.3688,2.2194702825509012
1.369,2.1407370185479522,1.369,2.2233424102887511
1.3692,2.1458998555317521,1.3692,2.2207609917968512
1.3694,2.1433184370398521,1.3694,2.2259238287806511
1.3696,2.1446091462858021,1.3696,2.2220517010428011
1.3698,2.1420277277939022,1.3698,2.2259238287806511
1.37,2.1433184370398521,1.37,2.2285052472725511
1.3702,2.1471905647777021,1.3702,2.2285052472725511
1.3704,2.1484812740236521,1.3704,2.2246331195347011
1.3706,2.1484812740236521,1.3706,2.2272145380266011
1.3708,2.1471905647777021,1.3708,2.229795956518501
1.371,2.1484812740236521,1.371,2.2285052472725511
1.3712,2.1471905647777021,1.3712,2.232377375010401
1.3714,2.1446091462858021,1.3714,2.229795956518501
1.3716,2.1420277277939022,1.3716,2.2259238287806511
1.3718,2.1433184370398521,1.3718,2.2272145380266011
1.372,2.152353401761502,1.372,2.231086665764451
1.3722,2.1471905647777021,1.3722,2.2194702825509012
1.3724,2.1471905647777021,1.3724,2.2181795733049512
1.3726,2.1446091462858021,1.3726,2.2181795733049512
1.3728,2.1407370185479522,1.3728,2.2207609917968512
1.373,2.1420277277939022,1.373,2.2181795733049512
1.3732,2.1394463093020022,1.3732,2.2207609917968512
1.3734,2.1394463093020022,1.3734,2.2233424102887511
1.3736,2.1420277277939022,1.3736,2.2194702825509012
1.3738,2.1381556000560522,1.3738,2.2168888640590012
1.374,2.1355741815641522,1.374,2.2194702825509012
1.3742,2.1329927630722523,1.3742,2.2168888640590012
1.3744,2.1317020538263023,1.3744,2.2155981548130512
1.3746,2.1368648908101022,1.3746,2.2143074455671012
1.3748,2.1291206353344023,1.3748,2.2143074455671012
1.375,2.1355741815641522,1.375,2.2078538993373513
1.3752,2.1278299260884523,1.3752,2.2026910623535514
1.3754,2.1252485075965524,1.3754,2.2052724808454514
1.3756,2.1226670891046524,1.3756,2.2039817715995014
1.3758,2.1226670891046524,1.3758,2.2065631900914013
1.376,2.1187949613668025,1.376,2.2052724808454514
1.3762,2.1265392168425024,1.3762,2.2026910623535514
1.3764,2.1239577983506024,1.3764,2.1988189346157014
1.3766,2.1200856706127524,1.3766,2.2026910623535514
1.3768,2.1149228336289525,1.3768,2.1936560976319015
1.377,2.1162135428749025,1.377,2.1936560976319015
1.3772,2.1123414151370525,1.3772,2.1962375161238015
1.3774,2.1123414151370525,1.3774,2.1975282253697515
1.3776,2.1123414151370525,1.3776,2.1897839698940516
1.3778,2.1058878689073026,1.3778,2.1872025514021516
1.378,2.1110507058911026,1.378,2.1859118421562016
1.3782,2.1071785781532526,1.3782,2.1897839698940516
1.3784,2.1084692873992026,1.3784,2.1872025514021516
1.3786,2.1058878689073026,1.3786,2.1859118421562016
1.3788,2.1045971596613526,1.3788,2.1846211329102516
1.379,2.1020157411694527,1.379,2.1846211329102516
1.3792,2.1058878689073026,1.3792,2.1781675866805017
1.3794,2.1058878689073026,1.3794,2.1859118421562016
1.3796,2.1020157411694527,1.3796,2.1859118421562016
1.3798,2.1020157411694527,1.3798,2.1820397144183517
1.38,2.1020157411694527,1.38,2.1820397144183517
1.3802,2.1033064504154027,1.3802,2.1833304236643016
1.3804,2.0968529041856527,1.3804,2.1807490051724017
1.3806,2.1007250319235027,1.3806,2.1833304236643016
1.3808,2.1045971596613526,1.3808,2.1833304236643016
1.381,2.1007250319235027,1.381,2.1781675866805017
1.3812,2.0968529041856527,1.3812,2.1781675866805017
1.3814,2.1033064504154027,1.3814,2.1846211329102516
1.3816,2.1007250319235027,1.3816,2.1820397144183517
1.3818,2.1020157411694527,1.3818,2.1807490051724017
1.382,2.1020157411694527,1.382,2.1807490051724017
1.3822,2.1045971596613526,1.3822,2.1846211329102516
1.3824,2.1058878689073026,1.3824,2.1859118421562016
1.3826,2.1058878689073026,1.3826,2.1859118421562016
1.3828,2.1058878689073026,1.3828,2.1833304236643016
1.383,2.1110507058911026,1.383,2.1910746791400015
1.3832,2.1097599966451526,1.3832,2.1872025514021516
1.3834,2.1136321243830025,1.3834,2.1859118421562016
1.3836,2.1084692873992026,1.3836,2.1859118421562016
1.3838,2.1110507058911026,1.3838,2.1910746791400015
1.384,2.1097599966451526,1.384,2.1923653883859515
1.3842,2.1136321243830025,1.3842,2.1923653883859515
1.3844,2.1136321243830025,1.3844,2.1962375161238015
1.3846,2.1175042521208525,1.3846,2.1936560976319015
1.3848,2.1123414151370525,1.3848,2.1988189346157014
1.385,2.1200856706127524,1.385,2.1962375161238015
1.3852,2.1239577983506024,1.3852,2.2039817715995014
1.3854,2.1200856706127524,1.3854,2.2052724808454514
1.3856,2.1252485075965524,1.3856,2.2065631900914013
1.3858,2.1239577983506024,1.3858,2.2078538993373513
1.386,2.1291206353344023,1.386,2.2014003531076014
1.3862,2.1329927630722523,1.3862,2.2091446085833013
1.3864,2.1265392168425024,1.3864,2.2104353178292513
1.3866,2.1304113445803523,1.3866,2.2117260270752013
1.3868,2.1304113445803523,1.3868,2.2130167363211513
1.387,2.1317020538263023,1.387,2.2143074455671012
1.3872,2.1394463093020022,1.3872,2.2104353178292513
1.3874,2.1381556000560522,1.3874,2.2181795733049512
1.3876,2.1342834723182023,1.3876,2.2194702825509012
1.3878,2.1394463093020022,1.3878,2.2168888640590012
1.388,2.1381556000560522,1.388,2.2168888640590012
1.3882,2.1407370185479522,1.3882,2.2194702825509012
1.3884,2.1407370185479522,1.3884,2.2220517010428011
1.3886,2.1407370185479522,1.3886,2.2181795733049512
1.3888,2.1471905647777021,1.3888,2.2259238287806511
1.389,2.1433184370398521,1.389,2.2220517010428011
1.3892,2.1484812740236521,1.3892,2.2220517010428011
1.3894,2.1433184370398521,1.3894,2.2233424102887511
1.3896,2.1484812740236521,1.3896,2.2285052472725511
1.3898,2.1484812740236521,1.3898,2.229795956518501
1.39,2.1484812740236521,1.39,2.232377375010401
1.3902,2.1471905647777021,1.3902,2.2285052472725511
1.3904,2.151062692515552,1.3904,2.2259238287806511
1.3906,2.1458998555317521,1.3906,2.2285052472725511
1.3908,2.1471905647777021,1.3908,2.229795956518501
1.391,2.1458998555317521,1.391,2.231086665764451
1.3912,2.1471905647777021,1.3912,2.2285052472725511
1.3914,2.1497719832696021,1.3914,2.229795956518501
1.3916,2.1433184370398521,1.3916,2.2246331195347011
1.3918,2.1471905647777021,1.3918,2.229795956518501
1.392,2.1458998555317521,1.392,2.2246331195347011
1.3922,2.1458998555317521,1.3922,2.2285052472725511
1.3924,2.1407370185479522,1.3924,2.2246331195347011
1.3926,2.1420277277939022,1.3926,2.2207609917968512
1.3928,2.1420277277939022,1.3928,2.2220517010428011
1.393,2.1420277277939022,1.393,2.2207609917968512
1.3932,2.1420277277939022,1.3932,2.2246331195347011
1.3934,2.1368648908101022,1.3934,2.2194702825509012
1.3936,2.1381556000560522,1.3936,2.2246331195347011
1.3938,2.1342834723182023,1.3938,2.2181795733049512
1.394,2.1394463093020022,1.394,2.2155981548130512
1.3942,2.1394463093020022,1.3942,2.2155981548130512
1.3944,2.1342834723182023,1.3944,2.2155981548130512
1.3946,2.1291206353344023,1.3946,2.2143074455671012
1.3948,2.1304113445803523,1.3948,2.2143074455671012
1.395,2.1355741815641522,1.395,2.2117260270752013
1.3952,2.1304113445803523,1.3952,2.2014003531076014
1.3954,2.1278299260884523,1.3954,2.2078538993373513
1.3956,2.1252485075965524,1.3956,2.2026910623535514
1.3958,2.1226670891046524,1.3958,2.2039817715995014
1.396,2.1213763798587024,1.396,2.1975282253697515
1.3962,2.1265392168425024,1.3962,2.2014003531076014
1.3964,2.1175042521208525,1.3964,2.2014003531076014
1.3966,2.1149228336289525,1.3966,2.1949468068778515
1.3968,2.1110507058911026,1.3968,2.1949468068778515
1.397,2.1162135428749025,1.397,2.1923653883859515
1.3972,2.1162135428749025,1.3972,2.1936560976319015
1.3974,2.1162135428749025,1.3974,2.1910746791400015
1.3976,2.1149228336289525,1.3976,2.1872025514021516
1.3978,2.1136321243830025,1.3978,2.1884932606481016
1.398,2.1175042521208525,1.398,2.1872025514021516
1.3982,2.1084692873992026,1.3982,2.1897839698940516
1.3984,2.1097599966451526,1.3984,2.1872025514021516
1.3986,2.1110507058911026,1.3986,2.1820397144183517
1.3988,2.1058878689073026,1.3988,2.1846211329102516
1.399,2.1071785781532526,1.399,2.1872025514021516
1.3992,2.1020157411694527,1.3992,2.1846211329102516
1.3994,2.1045971596613526,1.3994,2.1833304236643016
1.3996,2.1045971596613526,1.3996,2.1794582959264517
1.3998,2.1071785781532526,1.3998,2.1833304236643016
1.4,2.1033064504154027,1.4,2.1846211329102516
1.4002,2.1045971596613526,1.4002,2.1846211329102516
1.4004,2.1071785781532526,1.4004,2.1820397144183517
1.4006,2.1058878689073026,1.4006,2.1820397144183517
1.4008,2.1007250319235027,1.4008,2.1781675866805017
1.401,2.0994343226775527,1.401,2.1833304236643016
1.4012,2.0994343226775527,1.4012,2.1781675866805017
1.4014,2.0994343226775527,1.4014,2.1846211329102516
1.4016,2.1007250319235027,1.4016,2.1820397144183517
1.4018,2.1045971596613526,1.4018,2.1781675866805017
1.402,2.1033064504154027,1.402,2.1846211329102516
1.4022,2.1045971596613526,1.4022,2.1833304236643016
1.4024,2.1033064504154027,1.4024,2.1859118421562016
1.4026,2.1045971596613526,1.4026,2.1846211329102516
1.4028,2.1071785781532526,1.4028,2.1846211329102516
1.403,2.1123414151370525,1.403,2.1872025514021516
1.4032,2.1097599966451526,1.4032,2.1884932606481016
1.4034,2.1097599966451526,1.4034,2.1859118421562016
1.4036,2.1097599966451526,1.4036,2.1897839698940516
1.4038,2.1123414151370525,1.4038,2.1884932606481016
1.404,2.1097599966451526,1.404,2.1897839698940516
1.4042,2.1123414151370525,1.4042,2.1975282253697515
1.4044,2.1175042521208525,1.4044,2.1923653883859515
1.4046,2.1136321243830025,1.4046,2.1949468068778515
1.4048,2.1123414151370525,1.4048,2.1949468068778515
1.405,2.1175042521208525,1.405,2.2014003531076014
1.4052,2.1252485075965524,1.4052,2.2014003531076014
1.4054,2.1187949613668025,1.4054,2.1975282253697515
1.4056,2.1239577983506024,1.4056,2.2052724808454514
1.4058,2.1187949613668025,1.4058,2.2052724808454514
1.406,2.1291206353344023,1.406,2.2014003531076014
1.4062,2.1252485075965524,1.4062,2.2078538993373513
1.4064,2.1239577983506024,1.4064,2.2091446085833013
1.4066,2.1278299260884523,1.4066,2.2155981548130512
1.4068,2.1291206353344023,1.4068,2.2168888640590012
1.407,2.1317020538263023,1.407,2.2155981548130512
1.4072,2.1355741815641522,1.4072,2.2130167363211513
1.4074,2.1342834723182023,1.4074,2.2155981548130512
1.4076,2.1394463093020022,1.4076,2.2155981548130512
1.4078,2.1355741815641522,1.4078,2.2207609917968512
1.408,2.1394463093020022,1.408,2.2130167363211513
1.4082,2.1381556000560522,1.4082,2.2168888640590012
1.4084,2.1394463093020022,1.4084,2.2246331195347011
1.4086,2.1420277277939022,1.4086,2.2246331195347011
1.4088,2.1446091462858021,1.4088,2.2220517010428011
1.409,2.1471905647777021,1.409,2.2246331195347011
1.4092,2.1420277277939022,1.4092,2.2194702825509012
1.4094,2.1433184370398521,1.4094,2.2246331195347011
1.4096,2.1458998555317521,1.4096,2.2207609917968512
1.4098,2.1446091462858021,1.4098,2.229795956518501
1.41,2.1471905647777021,1.41,2.229795956518501
1.4102,2.1484812740236521,1.4102,2.2246331195347011
1.4104,2.1433184370398521,1.4104,2.229795956518501
1.4106,2.1484812740236521,1.4106,2.2285052472725511
1.4108,2.1433184370398521,1.4108,2.2259238287806511
1.411,2.1471905647777021,1.411,2.229795956518501
1.4112,2.1471905647777021,1.4112,2.231086665764451
1.4114,2.151062692515552,1.4114,2.2272145380266011
1.4116,2.1433184370398521,1.4116,2.2285052472725511
1.4118,2.1484812740236521,1.4118,2.2285052472725511
1.412,2.1497719832696021,1.412,2.2285052472725511
1.4122,2.1471905647777021,1.4122,2.2285052472725511
1.4124,2.1433184370398521,1.4124,2.2259238287806511
1.4126,2.1446091462858021,1.4126,2.2194702825509012
1.4128,2.1407370185479522,1.4128,2.2259238287806511
1.413,2.1355741815641522,1.413,2.2181795733049512
1.4132,2.1368648908101022,1.4132,2.2285052472725511
1.4134,2.1407370185479522,1.4134,2.2220517010428011
1.4136,2.1368648908101022,1.4136,2.2207609917968512
1.4138,2.1394463093020022,1.4138,2.2155981548130512
1.414,2.1381556000560522,1.414,2.2220517010428011
1.4142,2.1342834723182023,1.4142,2.2194702825509012
1.4144,2.1317020538263023,1.4144,2.2078538993373513
1.4146,2.1342834723182023,1.4146,2.2168888640590012
1.4148,2.1368648908101022,1.4148,2.2117260270752013
1.415,2.1304113445803523,1.415,2.2078538993373513
1.4152,2.1304113445803523,1.4152,2.2026910623535514
1.4154,2.1265392168425024,1.4154,2.2052724808454514
1.4156,2.1239577983506024,1.4156,2.2026910623535514
1.4158,2.1200856706127524,1.4158,2.2091446085833013
1.416,2.1200856706127524,1.416,2.2039817715995014
1.4162,2.1252485075965524,1.4162,2.1975282253697515
1.4164,2.1187949613668025,1.4164,2.2001096438616514
1.4166,2.1226670891046524,1.4166,2.2001096438616514
1.4168,2.1175042521208525,1.4168,2.2014003531076014
1.417,2.1187949613668025,1.417,2.1936560976319015
1.4172,2.1187949613668025,1.4172,2.1923653883859515
1.4174,2.1149228336289525,1.4174,2.1884932606481016
1.4176,2.1123414151370525,1.4176,2.1962375161238015
1.4178,2.1097599966451526,1.4178,2.1923653883859515
1.418,2.1123414151370525,1.418,2.1962375161238015
1.4182,2.1123414151370525,1.4182,2.1910746791400015
1.4184,2.1110507058911026,1.4184,2.1897839698940516
1.4186,2.1084692873992026,1.4186,2.1833304236643016
1.4188,2.1071785781532526,1.4188,2.1872025514021516
1.419,2.0994343226775527,1.419,2.1846211329102516
1.4192,2.1071785781532526,1.4192,2.1859118421562016
1.4194,2.1084692873992026,1.4194,2.1781675866805017
1.4196,2.0981436134316027,1.4196,2.1833304236643016
1.4198,2.1045971596613526,1.4198,2.1820397144183517
1.42,2.1071785781532526,1.42,2.1820397144183517
1.4202,2.1007250319235027,1.4202,2.1872025514021516
1.4204,2.0994343226775527,1.4204,2.1884932606481016
1.4206,2.1020157411694527,1.4206,2.1859118421562016
1.4208,2.1007250319235027,1.4208,2.1846211329102516
1.421,2.0981436134316027,1.421,2.1807490051724017
1.4212,2.0994343226775527,1.4212,2.1781675866805017
1.4214,2.0981436134316027,1.4214,2.1833304236643016
1.4216,2.1045971596613526,1.4216,2.1768768774345517
1.4218,2.1020157411694527,1.4218,2.1755861681886017
1.422,2.1020157411694527,1.422,2.1846211329102516
1.4222,2.1007250319235027,1.4222,2.1833304236643016
1.4224,2.0981436134316027,1.4224,2.1794582959264517
1.4226,2.1020157411694527,1.4226,2.1859118421562016
1.4228,2.1045971596613526,1.4228,2.1872025514021516
1.423,2.1058878689073026,1.423,2.1897839698940516
1.4232,2.1084692873992026,1.4232,2.1872025514021516
1.4234,2.1123414151370525,1.4234,2.1910746791400015
1.4236,2.1097599966451526,1.4236,2.1936560976319015
1.4238,2.1123414151370525,1.4238,2.1884932606481016
1.424,2.1097599966451526,1.424,2.1988189346157014
1.4242,2.1110507058911026,1.4242,2.1936560976319015
1.4244,2.1149228336289525,1.4244,2.1988189346157014
1.4246,2.1162135428749025,1.4246,2.1884932606481016
1.4248,2.1149228336289525,1.4248,2.1949468068778515
1.425,2.1123414151370525,1.425,2.2001096438616514
1.4252,2.1175042521208525,1.4252,2.2039817715995014
1.4254,2.1187949613668025,1.4254,2.2052724808454514
1.4256,2.1265392168425024,1.4256,2.2039817715995014
1.4258,2.1239577983506024,1.4258,2.2091446085833013
1.426,2.1304113445803523,1.426,2.2104353178292513
1.4262,2.1252485075965524,1.4262,2.2091446085833013
1.4264,2.1291206353344023,1.4264,2.2117260270752013
1.4266,2.1317020538263023,1.4266,2.2155981548130512
1.4268,2.1342834723182023,1.4268,2.2155981548130512
1.427,2.1329927630722523,1.427,2.2155981548130512
1.4272,2.1329927630722523,1.4272,2.2168888640590012
1.4274,2.1394463093020022,1.4274,2.2194702825509012
1.4276,2.1368648908101022,1.4276,2.2181795733049512
1.4278,2.1433184370398521,1.4278,2.2220517010428011
1.428,2.1355741815641522,1.428,2.2143074455671012
1.4282,2.1394463093020022,1.4282,2.2220517010428011
1.4284,2.1368648908101022,1.4284,2.2207609917968512
1.4286,2.1471905647777021,1.4286,2.2285052472725511
1.4288,2.1394463093020022,1.4288,2.2246331195347011
1.429,2.1446091462858021,1.429,2.2259238287806511
1.4292,2.1420277277939022,1.4292,2.2233424102887511
1.4294,2.1458998555317521,1.4294,2.2233424102887511
1.4296,2.1420277277939022,1.4296,2.2246331195347011
1.4298,2.1484812740236521,1.4298,2.2220517010428011
1.43,2.1458998555317521,1.43,2.2259238287806511
1.4302,2.1446091462858021,1.4302,2.229795956518501
1.4304,2.1497719832696021,1.4304,2.2259238287806511
1.4306,2.152353401761502,1.4306,2.229795956518501
1.4308,2.152353401761502,1.4308,2.2246331195347011
1.431,2.1446091462858021,1.431,2.2259238287806511
1.4312,2.152353401761502,1.4312,2.2285052472725511
1.4314,2.151062692515552,1.4314,2.2246331195347011
1.4316,2.151062692515552,1.4316,2.2285052472725511
1.4318,2.1484812740236521,1.4318,2.2259238287806511
1.432,2.1471905647777021,1.432,2.229795956518501
1.4322,2.1458998555317521,1.4322,2.2181795733049512
1.4324,2.1433184370398521,1.4324,2.2220517010428011
1.4326,2.1446091462858021,1.4326,2.2233424102887511
1.4328,2.1381556000560522,1.4328,2.2233424102887511
1.433,2.1420277277939022,1.433,2.2155981548130512
1.4332,2.1368648908101022,1.4332,2.2233424102887511
1.4334,2.1394463093020022,1.4334,2.2168888640590012
1.4336,2.1407370185479522,1.4336,2.2168888640590012
1.4338,2.1368648908101022,1.4338,2.2143074455671012
1.434,2.1381556000560522,1.434,2.2155981548130512
1.4342,2.1394463093020022,1.4342,2.2130167363211513
1.4344,2.1355741815641522,1.4344,2.2168888640590012
1.4346,2.1265392168425024,1.4346,2.2155981548130512
1.4348,2.1329927630722523,1.4348,2.2104353178292513
1.435,2.1317020538263023,1.435,2.2091446085833013
1.4352,2.1291206353344023,1.4352,2.2091446085833013
1.4354,2.1291206353344023,1.4354,2.2001096438616514
1.4356,2.1265392168425024,1.4356,2.2052724808454514
1.4358,2.1265392168425024,1.4358,2.2026910623535514
1.436,2.1239577983506024,1.436,2.2039817715995014
1.4362,2.1226670891046524,1.4362,2.1988189346157014
1.4364,2.1200856706127524,1.4364,2.1975282253697515
1.4366,2.1136321243830025,1.4366,2.1962375161238015
1.4368,2.1162135428749025,1.4368,2.1975282253697515
1.437,2.1162135428749025,1.437,2.1936560976319015
1.4372,2.1149228336289525,1.4372,2.1975282253697515
1.4374,2.1123414151370525,1.4374,2.1923653883859515
1.4376,2.1110507058911026,1.4376,2.1936560976319015
1.4378,2.1149228336289525,1.4378,2.1923653883859515
1.438,2.1123414151370525,1.438,2.1859118421562016
1.4382,2.1110507058911026,1.4382,2.1884932606481016
1.4384,2.1110507058911026,1.4384,2.1884932606481016
1.4386,2.1058878689073026,1.4386,2.1859118421562016
1.4388,2.1033064504154027,1.4388,2.1859118421562016
1.439,2.1071785781532526,1.439,2.1872025514021516
1.4392,2.1058878689073026,1.4392,2.1910746791400015
1.4394,2.1071785781532526,1.4394,2.1872025514021516
1.4396,2.1058878689073026,1.4396,2.1859118421562016
1.4398,2.1033064504154027,1.4398,2.1859118421562016
1.44,2.1045971596613526,1.44,2.1833304236643016
1.4402,2.1007250319235027,1.4402,2.1807490051724017
1.4404,2.0994343226775527,1.4404,2.1807490051724017
1.4406,2.0981436134316027,1.4406,2.1742954589426517
1.4408,2.1007250319235027,1.4408,2.1833304236643016
1.441,2.1058878689073026,1.441,2.1807490051724017
1.4412,2.1020157411694527,1.4412,2.1833304236643016
1.4414,2.1033064504154027,1.4414,2.1833304236643016
1.4416,2.0994343226775527,1.4416,2.1820397144183517
1.4418,2.0994343226775527,1.4418,2.1794582959264517
1.442,2.1033064504154027,1.442,2.1846211329102516
1.4422,2.1007250319235027,1.4422,2.1872025514021516
1.4424,2.1058878689073026,1.4424,2.1846211329102516
1.4426,2.1033064504154027,1.4426,2.1872025514021516
1.4428,2.1071785781532526,1.4428,2.1872025514021516
1.443,2.1084692873992026,1.443,2.1897839698940516
1.4432,2.1084692873992026,1.4432,2.1872025514021516
1.4434,2.1097599966451526,1.4434,2.1910746791400015
1.4436,2.1123414151370525,1.4436,2.1884932606481016
1.4438,2.1136321243830025,1.4438,2.1949468068778515
1.444,2.1149228336289525,1.444,2.1962375161238015
1.4442,2.1123414151370525,1.4442,2.1949468068778515
1.4444,2.1136321243830025,1.4444,2.1936560976319015
1.4446,2.1136321243830025,1.4446,2.1923653883859515
1.4448,2.1149228336289525,1.4448,2.1897839698940516
1.445,2.1200856706127524,1.445,2.1936560976319015
1.4452,2.1213763798587024,1.4452,2.1988189346157014
1.4454,2.1200856706127524,1.4454,2.2078538993373513
1.4456,2.1187949613668025,1.4456,2.2065631900914013
1.4458,2.1278299260884523,1.4458,2.2104353178292513
1.446,2.1265392168425024,1.446,2.2052724808454514
1.4462,2.1265392168425024,1.4462,2.2039817715995014
1.4464,2.1291206353344023,1.4464,2.2104353178292513
1.4466,2.1329927630722523,1.4466,2.2143074455671012
1.4468,2.1342834723182023,1.4468,2.2143074455671012
1.447,2.1291206353344023,1.447,2.2168888640590012
1.4472,2.1342834723182023,1.4472,2.2220517010428011
1.4474,2.1355741815641522,1.4474,2.2168888640590012
1.4476,2.1368648908101022,1.4476,2.2220517010428011
1.4478,2.1368648908101022,1.4478,2.2181795733049512
1.448,2.1381556000560522,1.448,2.2194702825509012
1.4482,2.1381556000560522,1.4482,2.2233424102887511
1.4484,2.1433184370398521,1.4484,2.2220517010428011
1.4486,2.1420277277939022,1.4486,2.2246331195347011
1.4488,2.1407370185479522,1.4488,2.2233424102887511
1.449,2.1446091462858021,1.449,2.2272145380266011
1.4492,2.1458998555317521,1.4492,2.229795956518501
1.4494,2.1420277277939022,1.4494,2.2207609917968512
1.4496,2.1420277277939022,1.4496,2.2272145380266011
1.4498,2.1446091462858021,1.4498,2.2285052472725511
1.45,2.1458998555317521,1.45,2.231086665764451
1.4502,2.1484812740236521,1.4502,2.231086665764451
1.4504,2.1446091462858021,1.4504,2.2259238287806511
1.4506,2.1471905647777021,1.4506,2.229795956518501
1.4508,2.1458998555317521,1.4508,2.2285052472725511
1.451,2.151062692515552,1.451,2.229795956518501
1.4512,2.1458998555317521,1.4512,2.231086665764451
1.4514,2.1497719832696021,1.4514,2.2233424102887511
1.4516,2.1420277277939022,1.4516,2.2285052472725511
1.4518,2.1484812740236521,1.4518,2.2233424102887511
1.452,2.1484812740236521,1.452,2.2272145380266011
1.4522,2.1458998555317521,1.4522,2.2259238287806511
1.4524,2.1407370185479522,1.4524,2.2272145380266011
1.4526,2.1433184370398521,1.4526,2.2259238287806511
1.4528,2.1420277277939022,1.4528,2.2220517010428011
1.453,2.1368648908101022,1.453,2.231086665764451
1.4532,2.1407370185479522,1.4532,2.2168888640590012
1.4534,2.1420277277939022,1.4534,2.2207609917968512
1.4536,2.1368648908101022,1.4536,2.2233424102887511
1.4538,2.1368648908101022,1.4538,2.2181795733049512
1.454,2.1355741815641522,1.454,2.2181795733049512
1.4542,2.1355741815641522,1.4542,2.2065631900914013
1.4544,2.1368648908101022,1.4544,2.2194702825509012
1.4546,2.1342834723182023,1.4546,2.2143074455671012
1.4548,2.1291206353344023,1.4548,2.2130167363211513
1.455,2.1291206353344023,1.455,2.2155981548130512
1.4552,2.1278299260884523,1.4552,2.2065631900914013
1.4554,2.1304113445803523,1.4554,2.2052724808454514
1.4556,2.1213763798587024,1.4556,2.2026910623535514
1.4558,2.1252485075965524,1.4558,2.2014003531076014
1.456,2.1239577983506024,1.456,2.2039817715995014
1.4562,2.1200856706127524,1.4562,2.2052724808454514
1.4564,2.1200856706127524,1.4564,2.1962375161238015
1.4566,2.1187949613668025,1.4566,2.1975282253697515
1.4568,2.1175042521208525,1.4568,2.1988189346157014
1.457,2.1187949613668025,1.457,2.1884932606481016
1.4572,2.1136321243830025,1.4572,2.1910746791400015
1.4574,2.1097599966451526,1.4574,2.1975282253697515
1.4576,2.1123414151370525,1.4576,2.1910746791400015
1.4578,2.1123414151370525,1.4578,2.1910746791400015
1.458,2.1123414151370525,1.458,2.1923653883859515
1.4582,2.1097599966451526,1.4582,2.1910746791400015
1.4584,2.1097599966451526,1.4584,2.1884932606481016
1.4586,2.1071785781532526,1.4586,2.1872025514021516
1.4588,2.1071785781532526,1.4588,2.1872025514021516
1.459,2.1045971596613526,1.459,2.1859118421562016
1.4592,2.1033064504154027,1.4592,2.1820397144183517
1.4594,2.1045971596613526,1.4594,2.1859118421562016
1.4596,2.1058878689073026,1.4596,2.1846211329102516
1.4598,2.1033064504154027,1.4598,2.1846211329102516
1.46,2.1045971596613526,1.46,2.1846211329102516
1.4602,2.1045971596613526,1.4602,2.1794582959264517
1.4604,2.1045971596613526,1.4604,2.1846211329102516
1.4606,2.0981436134316027,1.4606,2.1872025514021516
1.4608,2.0981436134316027,1.4608,2.1794582959264517
1.461,2.0981436134316027,1.461,2.1781675866805017
1.4612,2.1033064504154027,1.4612,2.1794582959264517
1.4614,2.1058878689073026,1.4614,2.1807490051724017
1.4616,2.0981436134316027,1.4616,2.1807490051724017
1.4618,2.1058878689073026,1.4618,2.1820397144183517
1.462,2.1071785781532526,1.462,2.1820397144183517
1.4622,2.1020157411694527,1.4622,2.1820397144183517
1.4624,2.1020157411694527,1.4624,2.1872025514021516
1.4626,2.1084692873992026,1.4626,2.1872025514021516
1.4628,2.1071785781532526,1.4628,2.1872025514021516
1.463,2.1071785781532526,1.463,2.1910746791400015
1.4632,2.1071785781532526,1.4632,2.1923653883859515
1.4634,2.1071785781532526,1.4634,2.1859118421562016
1.4636,2.1110507058911026,1.4636,2.1923653883859515
1.4638,2.1045971596613526,1.4638,2.1923653883859515
1.464,2.1097599966451526,1.464,2.2014003531076014
1.4642,2.1123414151370525,1.4642,2.1949468068778515
1.4644,2.1149228336289525,1.4644,2.2001096438616514
1.4646,2.1162135428749025,1.4646,2.1910746791400015
1.4648,2.1162135428749025,1.4648,2.2001096438616514
1.465,2.1175042521208525,1.465,2.2026910623535514
1.4652,2.1213763798587024,1.4652,2.2014003531076014
1.4654,2.1200856706127524,1.4654,2.2052724808454514
1.4656,2.1239577983506024,1.4656,2.2065631900914013
1.4658,2.1278299260884523,1.4658,2.2117260270752013
1.466,2.1239577983506024,1.466,2.2078538993373513
1.4662,2.1252485075965524,1.4662,2.2052724808454514
1.4664,2.1317020538263023,1.4664,2.2078538993373513
1.4666,2.1278299260884523,1.4666,2.2155981548130512
1.4668,2.1342834723182023,1.4668,2.2130167363211513
1.467,2.1278299260884523,1.467,2.2168888640590012
1.4672,2.1317020538263023,1.4672,2.2181795733049512
1.4674,2.1381556000560522,1.4674,2.2181795733049512
1.4676,2.1329927630722523,1.4676,2.2143074455671012
1.4678,2.1394463093020022,1.4678,2.2130167363211513
1.468,2.1407370185479522,1.468,2.2207609917968512
1.4682,2.1394463093020022,1.4682,2.2220517010428011
1.4684,2.1368648908101022,1.4684,2.2143074455671012
1.4686,2.1394463093020022,1.4686,2.2246331195347011
1.4688,2.1458998555317521,1.4688,2.2259238287806511
1.469,2.1446091462858021,1.469,2.2246331195347011
1.4692,2.1484812740236521,1.4692,2.2233424102887511
1.4694,2.1433184370398521,1.4694,2.2272145380266011
1.4696,2.1433184370398521,1.4696,2.2259238287806511
1.4698,2.1458998555317521,1.4698,2.2285052472725511
1.47,2.1458998555317521,1.47,2.231086665764451
1.4702,2.1471905647777021,1.4702,2.232377375010401
1.4704,2.1484812740236521,1.4704,2.233668084256351
1.4706,2.1471905647777021,1.4706,2.229795956518501
1.4708,2.1484812740236521,1.4708,2.2285052472725511
1.471,2.1458998555317521,1.471,2.229795956518501
1.4712,2.1497719832696021,1.4712,2.234958793502301
1.4714,2.151062692515552,1.4714,2.229795956518501
1.4716,2.1458998555317521,1.4716,2.229795956518501
1.4718,2.1471905647777021,1.4718,2.229795956518501
1.472,2.1433184370398521,1.472,2.2259238287806511
1.4722,2.1458998555317521,1.4722,2.2259238287806511
1.4724,2.1433184370398521,1.4724,2.2259238287806511
1.4726,2.1420277277939022,1.4726,2.2272145380266011
1.4728,2.1433184370398521,1.4728,2.2246331195347011
1.473,2.1420277277939022,1.473,2.2207609917968512
1.4732,2.1407370185479522,1.4732,2.2194702825509012
1.4734,2.1381556000560522,1.4734,2.2259238287806511
1.4736,2.1407370185479522,1.4736,2.2194702825509012
1.4738,2.1368648908101022,1.4738,2.2207609917968512
1.474,2.1381556000560522,1.474,2.2181795733049512
1.4742,2.1381556000560522,1.4742,2.2143074455671012
1.4744,2.1329927630722523,1.4744,2.2207609917968512
1.4746,2.1329927630722523,1.4746,2.2065631900914013
1.4748,2.1342834723182023,1.4748,2.2168888640590012
1.475,2.1304113445803523,1.475,2.2078538993373513
1.4752,2.1291206353344023,1.4752,2.2104353178292513
1.4754,2.1329927630722523,1.4754,2.2026910623535514
1.4756,2.1213763798587024,1.4756,2.2065631900914013
1.4758,2.1252485075965524,1.4758,2.2039817715995014
1.476,2.1252485075965524,1.476,2.2052724808454514
1.4762,2.1239577983506024,1.4762,2.2001096438616514
1.4764,2.1213763798587024,1.4764,2.2001096438616514
1.4766,2.1175042521208525,1.4766,2.1936560976319015
1.4768,2.1162135428749025,1.4768,2.1936560976319015
1.477,2.1175042521208525,1.477,2.1910746791400015
1.4772,2.1175042521208525,1.4772,2.1923653883859515
1.4774,2.1149228336289525,1.4774,2.1936560976319015
1.4776,2.1045971596613526,1.4776,2.1923653883859515
1.4778,2.1149228336289525,1.4778,2.1833304236643016
1.478,2.1097599966451526,1.478,2.1936560976319015
1.4782,2.1058878689073026,1.4782,2.1884932606481016
1.4784,2.1058878689073026,1.4784,2.1884932606481016
1.4786,2.1084692873992026,1.4786,2.1923653883859515
1.4788,2.1033064504154027,1.4788,2.1846211329102516
1.479,2.1071785781532526,1.479,2.1872025514021516
1.4792,2.1084692873992026,1.4792,2.1846211329102516
1.4794,2.1007250319235027,1.4794,2.1833304236643016
1.4796,2.1084692873992026,1.4796,2.1872025514021516
1.4798,2.1033064504154027,1.4798,2.1846211329102516
1.48,2.1045971596613526,1.48,2.1833304236643016
1.4802,2.1007250319235027,1.4802,2.1833304236643016
1.4804,2.1007250319235027,1.4804,2.1897839698940516
1.4806,2.1058878689073026,1.4806,2.1833304236643016
1.4808,2.1020157411694527,1.4808,2.1807490051724017
1.481,2.1007250319235027,1.481,2.1833304236643016
1.4812,2.0981436134316027,1.4812,2.1872025514021516
1.4814,2.0994343226775527,1.4814,2.1807490051724017
1.4816,2.0968529041856527,1.4816,2.1859118421562016
1.4818,2.1020157411694527,1.4818,2.1859118421562016
1.482,2.1033064504154027,1.482,2.1846211329102516
1.4822,2.1007250319235027,1.4822,2.1833304236643016
1.4824,2.0994343226775527,1.4824,2.1872025514021516
1.4826,2.1084692873992026,1.4826,2.1807490051724017
1.4828,2.1084692873992026,1.4828,2.1820397144183517
1.483,2.1058878689073026,1.483,2.1897839698940516
1.4832,2.1033064504154027,1.4832,2.1884932606481016
1.4834,2.1123414151370525,1.4834,2.1910746791400015
1.4836,2.1084692873992026,1.4836,2.1884932606481016
1.4838,2.1071785781532526,1.4838,2.1923653883859515
1.484,2.1123414151370525,1.484,2.1910746791400015
1.4842,2.1110507058911026,1.4842,2.1949468068778515
1.4844,2.1110507058911026,1.4844,2.1962375161238015
1.4846,2.1162135428749025,1.4846,2.1910746791400015
1.4848,2.1149228336289525,1.4848,2.1949468068778515
1.485,2.1175042521208525,1.485,2.2001096438616514
1.4852,2.1175042521208525,1.4852,2.2039817715995014
1.4854,2.1175042521208525,1.4854,2.2078538993373513
1.4856,2.1304113445803523,1.4856,2.2014003531076014
1.4858,2.1329927630722523,1.4858,2.2091446085833013
1.486,2.1213763798587024,1.486,2.2052724808454514
1.4862,2.1291206353344023,1.4862,2.2091446085833013
1.4864,2.1265392168425024,1.4864,2.2117260270752013
1.4866,2.1304113445803523,1.4866,2.2155981548130512
1.4868,2.1329927630722523,1.4868,2.2130167363211513
1.487,2.1329927630722523,1.487,2.2168888640590012
1.4872,2.1329927630722523,1.4872,2.2143074455671012
1.4874,2.1342834723182023,1.4874,2.2168888640590012
1.4876,2.1355741815641522,1.4876,2.2207609917968512
1.4878,2.1407370185479522,1.4878,2.2220517010428011
1.488,2.1407370185479522,1.488,2.2233424102887511
1.4882,2.1342834723182023,1.4882,2.2246331195347011
1.4884,2.1394463093020022,1.4884,2.2246331195347011
1.4886,2.1394463093020022,1.4886,2.2246331195347011
1.4888,2.1433184370398521,1.4888,2.2272145380266011
1.489,2.1433184370398521,1.489,2.2246331195347011
1.4892,2.1471905647777021,1.4892,2.2220517010428011
1.4894,2.1420277277939022,1.4894,2.232377375010401
1.4896,2.1433184370398521,1.4896,2.231086665764451
1.4898,2.1458998555317521,1.4898,2.232377375010401
1.49,2.1433184370398521,1.49,2.2285052472725511
1.4902,2.1458998555317521,1.4902,2.2272145380266011
1.4904,2.1471905647777021,1.4904,2.229795956518501
1.4906,2.1497719832696021,1.4906,2.232377375010401
1.4908,2.152353401761502,1.4908,2.2259238287806511
1.491,2.1471905647777021,1.491,2.2220517010428011
1.4912,2.1497719832696021,1.4912,2.229795956518501
1.4914,2.151062692515552,1.4914,2.231086665764451
1.4916,2.1446091462858021,1.4916,2.2285052472725511
1.4918,2.1484812740236521,1.4918,2.2272145380266011
1.492,2.1484812740236521,1.492,2.2259238287806511
1.4922,2.1433184370398521,1.4922,2.229795956518501
1.4924,2.1484812740236521,1.4924,2.2246331195347011
1.4926,2.1394463093020022,1.4926,2.2259238287806511
1.4928,2.1420277277939022,1.4928,2.2194702825509012
1.493,2.1446091462858021,1.493,2.2220517010428011
1.4932,2.1329927630722523,1.4932,2.2181795733049512
1.4934,2.1381556000560522,1.4934,2.2207609917968512
1.4936,2.1355741815641522,1.4936,2.2143074455671012
1.4938,2.1381556000560522,1.4938,2.2181795733049512
1.494,2.1407370185479522,1.494,2.2194702825509012
1.4942,2.1381556000560522,1.4942,2.2181795733049512
1.4944,2.1394463093020022,1.4944,2.2220517010428011
1.4946,2.1342834723182023,1.4946,2.2130167363211513
1.4948,2.1329927630722523,1.4948,2.2155981548130512
1.495,2.1368648908101022,1.495,2.2117260270752013
1.4952,2.1304113445803523,1.4952,2.2065631900914013
1.4954,2.1278299260884523,1.4954,2.2039817715995014
1.4956,2.1278299260884523,1.4956,2.2078538993373513
1.4958,2.1213763798587024,1.4958,2.2065631900914013
1.496,2.1239577983506024,1.496,2.2052724808454514
1.4962,2.1200856706127524,1.4962,2.2014003531076014
1.4964,2.1200856706127524,1.4964,2.1962375161238015
1.4966,2.1213763798587024,1.4966,2.1962375161238015
1.4968,2.1175042521208525,1.4968,2.1949468068778515
1.497,2.1149228336289525,1.497,2.1975282253697515
1.4972,2.1136321243830025,1.4972,2.1936560976319015
1.4974,2.1136321243830025,1.4974,2.1949468068778515
1.4976,2.1123414151370525,1.4976,2.1910746791400015
1.4978,2.1110507058911026,1.4978,2.1859118421562016
1.498,2.1123414151370525,1.498,2.1910746791400015
1.4982,2.1084692873992026,1.4982,2.1872025514021516
1.4984,2.1058878689073026,1.4984,2.1897839698940516
1.4986,2.1071785781532526,1.4986,2.1846211329102516
1.4988,2.1033064504154027,1.4988,2.1846211329102516
1.499,2.1084692873992026,1.499,2.1859118421562016
1.4992,2.1071785781532526,1.4992,2.1846211329102516
1.4994,2.1084692873992026,1.4994,2.1768768774345517
1.4996,2.1033064504154027,1.4996,2.1859118421562016
1.4998,2.1033064504154027,1.4998,2.1820397144183517
1.5,2.1020157411694527,1.5,2.1859118421562016
1.5002,2.1071785781532526,1.5002,2.1820397144183517
1.5004,2.1033064504154027,1.5004,2.1794582959264517
1.5006,2.1033064504154027,1.5006,2.1833304236643016
1.5008,2.0994343226775527,1.5008,2.1781675866805017
1.501,2.0981436134316027,1.501,2.1833304236643016
1.5012,2.1045971596613526,1.5012,2.1872025514021516
1.5014,2.0994343226775527,1.5014,2.1846211329102516
1.5016,2.1020157411694527,1.5016,2.1859118421562016
1.5018,2.1033064504154027,1.5018,2.1820397144183517
1.502,2.0981436134316027,1.502,2.1781675866805017
1.5022,2.1058878689073026,1.5022,2.1794582959264517
1.5024,2.1020157411694527,1.5024,2.1833304236643016
1.5026,2.1084692873992026,1.5026,2.1897839698940516
1.5028,2.1071785781532526,1.5028,2.1897839698940516
1.503,2.1123414151370525,1.503,2.1872025514021516
1.5032,2.1045971596613526,1.5032,2.1949468068778515
1.5034,2.1123414151370525,1.5034,2.1949468068778515
1.5036,2.1071785781532526,1.5036,2.1897839698940516
1.5038,2.1123414151370525,1.5038,2.1910746791400015
1.504,2.1149228336289525,1.504,2.1936560976319015
1.5042,2.1123414151370525,1.5042,2.1923653883859515
1.5044,2.1136321243830025,1.5044,2.1897839698940516
1.5046,2.1136321243830025,1.5046,2.1988189346157014
1.5048,2.1213763798587024,1.5048,2.1988189346157014
1.505,2.1136321243830025,1.505,2.1975282253697515
1.5052,2.1200856706127524,1.5052,2.2001096438616514
1.5054,2.1200856706127524,1.5054,2.2039817715995014
1.5056,2.1226670891046524,1.5056,2.2039817715995014
1.5058,2.1226670891046524,1.5058,2.2065631900914013
1.506,2.1304113445803523,1.506,2.2026910623535514
1.5062,2.1226670891046524,1.5062,2.2117260270752013
1.5064,2.1304113445803523,1.5064,2.2104353178292513
1.5066,2.1278299260884523,1.5066,2.2104353178292513
1.5068,2.1291206353344023,1.5068,2.2117260270752013
1.507,2.1317020538263023,1.507,2.2104353178292513
1.5072,2.1368648908101022,1.5072,2.2194702825509012
1.5074,2.1355741815641522,1.5074,2.2155981548130512
1.5076,2.1342834723182023,1.5076,2.2181795733049512
1.5078,2.1381556000560522,1.5078,2.2194702825509012
1.508,2.1420277277939022,1.508,2.2181795733049512
1.5082,2.1394463093020022,1.5082,2.2207609917968512
1.5084,2.1394463093020022,1.5084,2.2155981548130512
1.5086,2.1420277277939022,1.5086,2.229795956518501
1.5088,2.1407370185479522,1.5088,2.2246331195347011
1.509,2.1446091462858021,1.509,2.2259238287806511
1.5092,2.1446091462858021,1.5092,2.2246331195347011
1.5094,2.1471905647777021,1.5094,2.2285052472725511
1.5096,2.1446091462858021,1.5096,2.2259238287806511
1.5098,2.1420277277939022,1.5098,2.233668084256351
1.51,2.1484812740236521,1.51,2.2259238287806511
1.5102,2.1471905647777021,1.5102,2.231086665764451
1.5104,2.1497719832696021,1.5104,2.2285052472725511
1.5106,2.1484812740236521,1.5106,2.229795956518501
1.5108,2.1458998555317521,1.5108,2.231086665764451
1.511,2.1458998555317521,1.511,2.2259238287806511
1.5112,2.1433184370398521,1.5112,2.233668084256351
1.5114,2.1471905647777021,1.5114,2.229795956518501
1.5116,2.1484812740236521,1.5116,2.2285052472725511
1.5118,2.1484812740236521,1.5118,2.2246331195347011
1.512,2.1458998555317521,1.512,2.2272145380266011
1.5122,2.1471905647777021,1.5122,2.2272145380266011
1.5124,2.1471905647777021,1.5124,2.2259238287806511
1.5126,2.1420277277939022,1.5126,2.2233424102887511
1.5128,2.1458998555317521,1.5128,2.2207609917968512
1.513,2.1446091462858021,1.513,2.2285052472725511
1.5132,2.1394463093020022,1.5132,2.2233424102887511
1.5134,2.1407370185479522,1.5134,2.2207609917968512
1.5136,2.1394463093020022,1.5136,2.2194702825509012
1.5138,2.1407370185479522,1.5138,2.2194702825509012
1.514,2.1355741815641522,1.514,2.2220517010428011
1.5142,2.1368648908101022,1.5142,2.2130167363211513
1.5144,2.1329927630722523,1.5144,2.2155981548130512
1.5146,2.1278299260884523,1.5146,2.2143074455671012
1.5148,2.1329927630722523,1.5148,2.2155981548130512
1.515,2.1381556000560522,1.515,2.2143074455671012
1.5152,2.1329927630722523,1.5152,2.2091446085833013
1.5154,2.1252485075965524,1.5154,2.2065631900914013
1.5156,2.1265392168425024,1.5156,2.2091446085833013
1.5158,2.1213763798587024,1.5158,2.2052724808454514
1.516,2.1265392168425024,1.516,2.2052724808454514
1.5162,2.1239577983506024,1.5162,2.2014003531076014
1.5164,2.1239577983506024,1.5164,2.1962375161238015
1.5166,2.1175042521208525,1.5166,2.1988189346157014
1.5168,2.1187949613668025,1.5168,2.2001096438616514
1.517,2.1175042521208525,1.517,2.1936560976319015
1.5172,2.1123414151370525,1.5172,2.1910746791400015
1.5174,2.1136321243830025,1.5174,2.1897839698940516
1.5176,2.1149228336289525,1.5176,2.1936560976319015
1.5178,2.1136321243830025,1.5178,2.1988189346157014
1.518,2.1110507058911026,1.518,2.1872025514021516
1.5182,2.1123414151370525,1.5182,2.1910746791400015
1.5184,2.1084692873992026,1.5184,2.1872025514021516
1.5186,2.1097599966451526,1.5186,2.1872025514021516
1.5188,2.1071785781532526,1.5188,2.1833304236643016
1.519,2.1033064504154027,1.519,2.1897839698940516
1.5192,2.1097599966451526,1.5192,2.1884932606481016
1.5194,2.1045971596613526,1.5194,2.1859118421562016
1.5196,2.1071785781532526,1.5196,2.1833304236643016
1.5198,2.1045971596613526,1.5198,2.1859118421562016
1.52,2.1033064504154027,1.52,2.1833304236643016
1.5202,2.0981436134316027,1.5202,2.1872025514021516
1.5204,2.0981436134316027,1.5204,2.1846211329102516
1.5206,2.0981436134316027,1.5206,2.1833304236643016
1.5208,2.1007250319235027,1.5208,2.1807490051724017
1.521,2.0968529041856527,1.521,2.1859118421562016
1.5212,2.0981436134316027,1.5212,2.1820397144183517
1.5214,2.1045971596613526,1.5214,2.1820397144183517
1.5216,2.1033064504154027,1.5216,2.1833304236643016
1.5218,2.1045971596613526,1.5218,2.1820397144183517
1.522,2.1020157411694527,1.522,2.1846211329102516
1.5222,2.1058878689073026,1.5222,2.1846211329102516
1.5224,2.1058878689073026,1.5224,2.1846211329102516
1.5226,2.1058878689073026,1.5226,2.1884932606481016
1.5228,2.1020157411694527,1.5228,2.1872025514021516
1.523,2.1084692873992026,1.523,2.1923653883859515
1.5232,2.1071785781532526,1.5232,2.1923653883859515
1.5234,2.1110507058911026,1.5234,2.1897839698940516
1.5236,2.1084692873992026,1.5236,2.1897839698940516
1.5238,2.1110507058911026,1.5238,2.1936560976319015
1.524,2.1136321243830025,1.524,2.1884932606481016
1.5242,2.1123414151370525,1.5242,2.1910746791400015
1.5244,2.1097599966451526,1.5244,2.1975282253697515
1.5246,2.1162135428749025,1.5246,2.1936560976319015
1.5248,2.1136321243830025,1.5248,2.2014003531076014
1.525,2.1175042521208525,1.525,2.1936560976319015
1.5252,2.1136321243830025,1.5252,2.1988189346157014
1.5254,2.1200856706127524,1.5254,2.2039817715995014
1.5256,2.1252485075965524,1.5256,2.2039817715995014
1.5258,2.1226670891046524,1.5258,2.2065631900914013
1.526,2.1291206353344023,1.526,2.2104353178292513
1.5262,2.1239577983506024,1.5262,2.2155981548130512
1.5264,2.1329927630722523,1.5264,2.2117260270752013
1.5266,2.1304113445803523,1.5266,2.2155981548130512
1.5268,2.1317020538263023,1.5268,2.2078538993373513
1.527,2.1329927630722523,1.527,2.2104353178292513
1.5272,2.1342834723182023,1.5272,2.2130167363211513
1.5274,2.1329927630722523,1.5274,2.2168888640590012
1.5276,2.1381556000560522,1.5276,2.2220517010428011
1.5278,2.1407370185479522,1.5278,2.2207609917968512
1.528,2.1433184370398521,1.528,2.2168888640590012
1.5282,2.1407370185479522,1.5282,2.2181795733049512
1.5284,2.1407370185479522,1.5284,2.2220517010428011
1.5286,2.1433184370398521,1.5286,2.2246331195347011
1.5288,2.1446091462858021,1.5288,2.2272145380266011
1.529,2.1407370185479522,1.529,2.2259238287806511
1.5292,2.1471905647777021,1.5292,2.2285052472725511
1.5294,2.1484812740236521,1.5294,2.2220517010428011
1.5296,2.1471905647777021,1.5296,2.2207609917968512
1.5298,2.1446091462858021,1.5298,2.2246331195347011
1.53,2.1458998555317521,1.53,2.231086665764451
1.5302,2.1433184370398521,1.5302,2.231086665764451
1.5304,2.1446091462858021,1.5304,2.231086665764451
1.5306,2.1471905647777021,1.5306,2.2285052472725511
1.5308,2.1458998555317521,1.5308,2.2259238287806511
1.531,2.1497719832696021,1.531,2.2272145380266011
1.5312,2.1471905647777021,1.5312,2.229795956518501
1.5314,2.1433184370398521,1.5314,2.2259238287806511
1.5316,2.1458998555317521,1.5316,2.2285052472725511
1.5318,2.1458998555317521,1.5318,2.2246331195347011
1.532,2.1484812740236521,1.532,2.2220517010428011
1.5322,2.1471905647777021,1.5322,2.2272145380266011
1.5324,2.1433184370398521,1.5324,2.2259238287806511
1.5326,2.1446091462858021,1.5326,2.2233424102887511
1.5328,2.1446091462858021,1.5328,2.2272145380266011
1.533,2.1420277277939022,1.533,2.2272145380266011
1.5332,2.1407370185479522,1.5332,2.2259238287806511
1.5334,2.1381556000560522,1.5334,2.2220517010428011
1.5336,2.1394463093020022,1.5336,2.2207609917968512
1.5338,2.1458998555317521,1.5338,2.2233424102887511
1.534,2.1368648908101022,1.534,2.2233424102887511
1.5342,2.1381556000560522,1.5342,2.2194702825509012
1.5344,2.1368648908101022,1.5344,2.2155981548130512
1.5346,2.1329927630722523,1.5346,2.2155981548130512
1.5348,2.1329927630722523,1.5348,2.2130167363211513
1.535,2.1304113445803523,1.535,2.2091446085833013
1.5352,2.1304113445803523,1.5352,2.2130167363211513
1.5354,2.1265392168425024,1.5354,2.2052724808454514
1.5356,2.1213763798587024,1.5356,2.2117260270752013
1.5358,2.1226670891046524,1.5358,2.2091446085833013
1.536,2.1226670891046524,1.536,2.2014003531076014
1.5362,2.1187949613668025,1.5362,2.1923653883859515
1.5364,2.1226670891046524,1.5364,2.2014003531076014
1.5366,2.1175042521208525,1.5366,2.2001096438616514
1.5368,2.1162135428749025,1.5368,2.1962375161238015
1.537,2.1175042521208525,1.537,2.1923653883859515
1.5372,2.1175042521208525,1.5372,2.1988189346157014
1.5374,2.1149228336289525,1.5374,2.1975282253697515
1.5376,2.1136321243830025,1.5376,2.1923653883859515
1.5378,2.1123414151370525,1.5378,2.1923653883859515
1.538,2.1097599966451526,1.538,2.1884932606481016
1.5382,2.1123414151370525,1.5382,2.1936560976319015
1.5384,2.1097599966451526,1.5384,2.1872025514021516
1.5386,2.1162135428749025,1.5386,2.1884932606481016
1.5388,2.1058878689073026,1.5388,2.1846211329102516
1.539,2.1045971596613526,1.539,2.1846211329102516
1.5392,2.1020157411694527,1.5392,2.1820397144183517
1.5394,2.1084692873992026,1.5394,2.1833304236643016
1.5396,2.1045971596613526,1.5396,2.1897839698940516
1.5398,2.1058878689073026,1.5398,2.1846211329102516
1.54,2.1033064504154027,1.54,2.1820397144183517
1.5402,2.1045971596613526,1.5402,2.1859118421562016
1.5404,2.1045971596613526,1.5404,2.1794582959264517
1.5406,2.1058878689073026,1.5406,2.1833304236643016
1.5408,2.1033064504154027,1.5408,2.1820397144183517
1.541,2.1058878689073026,1.541,2.1820397144183517
1.5412,2.0981436134316027,1.5412,2.1872025514021516
1.5414,2.1007250319235027,1.5414,2.1807490051724017
1.5416,2.1020157411694527,1.5416,2.1897839698940516
1.5418,2.1020157411694527,1.5418,2.1833304236643016
1.542,2.0994343226775527,1.542,2.1820397144183517
1.5422,2.1045971596613526,1.5422,2.1846211329102516
1.5424,2.1033064504154027,1.5424,2.1936560976319015
1.5426,2.1058878689073026,1.5426,2.1859118421562016
1.5428,2.1033064504154027,1.5428,2.1884932606481016
1.543,2.1097599966451526,1.543,2.1897839698940516
1.5432,2.1110507058911026,1.5432,2.1897839698940516
1.5434,2.1071785781532526,1.5434,2.1872025514021516
1.5436,2.1084692873992026,1.5436,2.1910746791400015
1.5438,2.1123414151370525,1.5438,2.1910746791400015
1.544,2.1149228336289525,1.544,2.1962375161238015
1.5442,2.1162135428749025,1.5442,2.1923653883859515
1.5444,2.1110507058911026,1.5444,2.1962375161238015
1.5446,2.1136321243830025,1.5446,2.1949468068778515
1.5448,2.1149228336289525,1.5448,2.1975282253697515
1.545,2.1187949613668025,1.545,2.2026910623535514
1.5452,2.1213763798587024,1.5452,2.2039817715995014
1.5454,2.1213763798587024,1.5454,2.2001096438616514
1.5456,2.1213763798587024,1.5456,2.2052724808454514
1.5458,2.1226670891046524,1.5458,2.2091446085833013
1.546,2.1239577983506024,1.546,2.2065631900914013
1.5462,2.1239577983506024,1.5462,2.2143074455671012
1.5464,2.1291206353344023,1.5464,2.2091446085833013
1.5466,2.1317020538263023,1.5466,2.2091446085833013
1.5468,2.1342834723182023,1.5468,2.2104353178292513
1.547,2.1329927630722523,1.547,2.2181795733049512
1.5472,2.1317020538263023,1.5472,2.2155981548130512
1.5474,2.1304113445803523,1.5474,2.2207609917968512
1.5476,2.1420277277939022,1.5476,2.2220517010428011
1.5478,2.1420277277939022,1.5478,2.2207609917968512
1.548,2.1394463093020022,1.548,2.2168888640590012
1.5482,2.1446091462858021,1.5482,2.2194702825509012
1.5484,2.1420277277939022,1.5484,2.2194702825509012
1.5486,2.1433184370398521,1.5486,2.2233424102887511
1.5488,2.1433184370398521,1.5488,2.2246331195347011
1.549,2.1407370185479522,1.549,2.2285052472725511
1.5492,2.1407370185479522,1.5492,2.2259238287806511
1.5494,2.1484812740236521,1.5494,2.2259238287806511
1.5496,2.1458998555317521,1.5496,2.229795956518501
1.5498,2.1458998555317521,1.5498,2.2259238287806511
1.55,2.1497719832696021,1.55,2.231086665764451
1.5502,2.1497719832696021,1.5502,2.2233424102887511
1.5504,2.1433184370398521,1.5504,2.229795956518501
1.5506,2.151062692515552,1.5506,2.233668084256351
1.5508,2.1458998555317521,1.5508,2.2285052472725511
1.551,2.151062692515552,1.551,2.231086665764451
1.5512,2.1497719832696021,1.5512,2.2272145380266011
1.5514,2.1458998555317521,1.5514,2.231086665764451
1.5516,2.1497719832696021,1.5516,2.229795956518501
1.5518,2.152353401761502,1.5518,2.229795956518501
1.552,2.1458998555317521,1.552,2.2259238287806511
1.5522,2.1471905647777021,1.5522,2.2233424102887511
1.5524,2.1458998555317521,1.5524,2.2272145380266011
1.5526,2.1433184370398521,1.5526,2.2207609917968512
1.5528,2.1458998555317521,1.5528,2.2207609917968512
1.553,2.1355741815641522,1.553,2.2207609917968512
1.5532,2.1407370185479522,1.5532,2.2207609917968512
1.5534,2.1420277277939022,1.5534,2.2272145380266011
1.5536,2.1394463093020022,1.5536,2.2181795733049512
1.5538,2.1407370185479522,1.5538,2.2207609917968512
1.554,2.1394463093020022,1.554,2.2168888640590012
1.5542,2.1381556000560522,1.5542,2.2155981548130512
1.5544,2.1342834723182023,1.5544,2.2104353178292513
1.5546,2.1304113445803523,1.5546,2.2091446085833013
1.5548,2.1317020538263023,1.5548,2.2091446085833013
1.555,2.1381556000560522,1.555,2.2130167363211513
1.5552,2.1329927630722523,1.5552,2.2104353178292513
1.5554,2.1317020538263023,1.5554,2.2091446085833013
1.5556,2.1252485075965524,1.5556,2.2039817715995014
1.5558,2.1226670891046524,1.5558,2.2065631900914013
1.556,2.1226670891046524,1.556,2.2039817715995014
1.5562,2.1239577983506024,1.5562,2.2014003531076014
1.5564,2.1226670891046524,1.5564,2.1988189346157014
1.5566,2.1200856706127524,1.5566,2.1949468068778515
1.5568,2.1175042521208525,1.5568,2.1988189346157014
1.557,2.1136321243830025,1.557,2.1962375161238015
1.5572,2.1149228336289525,1.5572,2.1936560976319015
1.5574,2.1084692873992026,1.5574,2.1949468068778515
1.5576,2.1149228336289525,1.5576,2.1962375161238015
1.5578,2.1123414151370525,1.5578,2.1897839698940516
1.558,2.1136321243830025,1.558,2.2014003531076014
1.5582,2.1123414151370525,1.5582,2.1859118421562016
1.5584,2.1136321243830025,1.5584,2.1897839698940516
1.5586,2.1097599966451526,1.5586,2.1897839698940516
1.5588,2.1071785781532526,1.5588,2.1859118421562016
1.559,2.1058878689073026,1.559,2.1872025514021516
1.5592,2.1058878689073026,1.5592,2.1859118421562016
1.5594,2.1097599966451526,1.5594,2.1846211329102516
1.5596,2.1045971596613526,1.5596,2.1872025514021516
1.5598,2.1058878689073026,1.5598,2.1859118421562016
1.56,2.1033064504154027,1.56,2.1859118421562016
1.5602,2.1045971596613526,1.5602,2.1820397144183517
1.5604,2.1020157411694527,1.5604,2.1820397144183517
1.5606,2.1007250319235027,1.5606,2.1846211329102516
1.5608,2.0994343226775527,1.5608,2.1833304236643016
1.561,2.1071785781532526,1.561,2.1833304236643016
1.5612,2.1020157411694527,1.5612,2.1807490051724017
1.5614,2.1007250319235027,1.5614,2.1846211329102516
1.5616,2.0994343226775527,1.5616,2.1807490051724017
1.5618,2.0981436134316027,1.5618,2.1807490051724017
1.562,2.1033064504154027,1.562,2.1846211329102516
1.5622,2.1020157411694527,1.5622,2.1859118421562016
1.5624,2.1020157411694527,1.5624,2.1859118421562016
1.5626,2.1097599966451526,1.5626,2.1859118421562016
1.5628,2.1058878689073026,1.5628,2.1820397144183517
1.563,2.1097599966451526,1.563,2.1910746791400015
1.5632,2.1097599966451526,1.5632,2.1910746791400015
1.5634,2.1084692873992026,1.5634,2.1936560976319015
1.5636,2.1097599966451526,1.5636,2.1949468068778515
1.5638,2.1110507058911026,1.5638,2.1962375161238015
1.564,2.1136321243830025,1.564,2.1923653883859515
1.5642,2.1110507058911026,1.5642,2.1962375161238015
1.5644,2.1162135428749025,1.5644,2.1962375161238015
1.5646,2.1162135428749025,1.5646,2.2001096438616514
1.5648,2.1187949613668025,1.5648,2.1949468068778515
1.565,2.1162135428749025,1.565,2.1975282253697515
1.5652,2.1187949613668025,1.5652,2.2052724808454514
1.5654,2.1200856706127524,1.5654,2.2065631900914013
1.5656,2.1265392168425024,1.5656,2.2104353178292513
1.5658,2.1278299260884523,1.5658,2.2130167363211513
1.566,2.1317020538263023,1.566,2.2104353178292513
1.5662,2.1291206353344023,1.5662,2.2091446085833013
1.5664,2.1278299260884523,1.5664,2.2143074455671012
1.5666,2.1304113445803523,1.5666,2.2168888640590012
1.5668,2.1342834723182023,1.5668,2.2117260270752013
1.567,2.1278299260884523,1.567,2.2181795733049512
1.5672,2.1355741815641522,1.5672,2.2168888640590012
1.5674,2.1394463093020022,1.5674,2.2168888640590012
1.5676,2.1355741815641522,1.5676,2.2194702825509012
1.5678,2.1368648908101022,1.5678,2.2246331195347011
1.568,2.1381556000560522,1.568,2.2233424102887511
1.5682,2.1407370185479522,1.5682,2.2246331195347011
1.5684,2.1458998555317521,1.5684,2.2194702825509012
1.5686,2.1407370185479522,1.5686,2.2207609917968512
1.5688,2.1458998555317521,1.5688,2.2246331195347011
1.569,2.1471905647777021,1.569,2.229795956518501
1.5692,2.1484812740236521,1.5692,2.233668084256351
1.5694,2.1471905647777021,1.5694,2.2259238287806511
1.5696,2.1484812740236521,1.5696,2.231086665764451
1.5698,2.1497719832696021,1.5698,2.2285052472725511
1.57,2.1497719832696021,1.57,2.2285052472725511
1.5702,2.1484812740236521,1.5702,2.2259238287806511
1.5704,2.153644111007452,1.5704,2.231086665764451
1.5706,2.1471905647777021,1.5706,2.229795956518501
1.5708,2.1433184370398521,1.5708,2.234958793502301
1.571,2.1484812740236521,1.571,2.2272145380266011
1.5712,2.1471905647777021,1.5712,2.232377375010401
1.5714,2.1471905647777021,1.5714,2.234958793502301
1.5716,2.1458998555317521,1.5716,2.231086665764451
1.5718,2.1497719832696021,1.5718,2.231086665764451
1.572,2.1484812740236521,1.572,2.2272145380266011
1.5722,2.1458998555317521,1.5722,2.2285052472725511
1.5724,2.1433184370398521,1.5724,2.2272145380266011
1.5726,2.1394463093020022,1.5726,2.2272145380266011
1.5728,2.1433184370398521,1.5728,2.2272145380266011
1.573,2.1407370185479522,1.573,2.2246331195347011
1.5732,2.1407370185479522,1.5732,2.2233424102887511
1.5734,2.1420277277939022,1.5734,2.2246331195347011
1.5736,2.1407370185479522,1.5736,2.2207609917968512
1.5738,2.1381556000560522,1.5738,2.2207609917968512
1.574,2.1368648908101022,1.574,2.2233424102887511
1.5742,2.1381556000560522,1.5742,2.2143074455671012
1.5744,2.1368648908101022,1.5744,2.2194702825509012
1.5746,2.1368648908101022,1.5746,2.2233424102887511
1.5748,2.1329927630722523,1.5748,2.2207609917968512
1.575,2.1329927630722523,1.575,2.2155981548130512
1.5752,2.1304113445803523,1.5752,2.2091446085833013
1.5754,2.1265392168425024,1.5754,2.2065631900914013
1.5756,2.1265392168425024,1.5756,2.2052724808454514
1.5758,2.1175042521208525,1.5758,2.2104353178292513
1.576,2.1239577983506024,1.576,2.2026910623535514
1.5762,2.1226670891046524,1.5762,2.2014003531076014
1.5764,2.1213763798587024,1.5764,2.2078538993373513
1.5766,2.1213763798587024,1.5766,2.2014003531076014
1.5768,2.1200856706127524,1.5768,2.1949468068778515
1.577,2.1175042521208525,1.577,2.2001096438616514
1.5772,2.1187949613668025,1.5772,2.1975282253697515
1.5774,2.1110507058911026,1.5774,2.1962375161238015
1.5776,2.1149228336289525,1.5776,2.1936560976319015
1.5778,2.1123414151370525,1.5778,2.1897839698940516
1.578,2.1175042521208525,1.578,2.1923653883859515
1.5782,2.1149228336289525,1.5782,2.1884932606481016
1.5784,2.1071785781532526,1.5784,2.1872025514021516
1.5786,2.1084692873992026,1.5786,2.1872025514021516
1.5788,2.1071785781532526,1.5788,2.1833304236643016
1.579,2.1020157411694527,1.579,2.1846211329102516
1.5792,2.1007250319235027,1.5792,2.1807490051724017
1.5794,2.1071785781532526,1.5794,2.1897839698940516
1.5796,2.1045971596613526,1.5796,2.1859118421562016
1.5798,2.1020157411694527,1.5798,2.1820397144183517
1.58,2.1045971596613526,1.58,2.1833304236643016
1.5802,2.1007250319235027,1.5802,2.1807490051724017
1.5804,2.0968529041856527,1.5804,2.1872025514021516
1.5806,2.1020157411694527,1.5806,2.1859118421562016
1.5808,2.1020157411694527,1.5808,2.1846211329102516
1.581,2.1058878689073026,1.581,2.1807490051724017
1.5812,2.1020157411694527,1.5812,2.1807490051724017
1.5814,2.1007250319235027,1.5814,2.1781675866805017
1.5816,2.0994343226775527,1.5816,2.1859118421562016
1.5818,2.1007250319235027,1.5818,2.1794582959264517
1.582,2.1045971596613526,1.582,2.1872025514021516
1.5822,2.1020157411694527,1.5822,2.1872025514021516
1.5824,2.1071785781532526,1.5824,2.1859118421562016
1.5826,2.1071785781532526,1.5826,2.1859118421562016
1.5828,2.1058878689073026,1.5828,2.1923653883859515
1.583,2.1110507058911026,1.583,2.1923653883859515
1.5832,2.1136321243830025,1.5832,2.1884932606481016
1.5834,2.1084692873992026,1.5834,2.1859118421562016
1.5836,2.1149228336289525,1.5836,2.1923653883859515
1.5838,2.1123414151370525,1.5838,2.1923653883859515
1.584,2.1097599966451526,1.584,2.1923653883859515
1.5842,2.1149228336289525,1.5842,2.1949468068778515
1.5844,2.1149228336289525,1.5844,2.1936560976319015
1.5846,2.1136321243830025,1.5846,2.2014003531076014
1.5848,2.1136321243830025,1.5848,2.1962375161238015
1.585,2.1175042521208525,1.585,2.1949468068778515
1.5852,2.1213763798587024,1.5852,2.2014003531076014
1.5854,2.1175042521208525,1.5854,2.2001096438616514
1.5856,2.1265392168425024,1.5856,2.2104353178292513
1.5858,2.1213763798587024,1.5858,2.2052724808454514
1.586,2.1226670891046524,1.586,2.2104353178292513
1.5862,2.1239577983506024,1.5862,2.2117260270752013
1.5864,2.1304113445803523,1.5864,2.2130167363211513
1.5866,2.1317020538263023,1.5866,2.2143074455671012
1.5868,2.1317020538263023,1.5868,2.2168888640590012
1.587,2.1342834723182023,1.587,2.2155981548130512
1.5872,2.1355741815641522,1.5872,2.2194702825509012
1.5874,2.1329927630722523,1.5874,2.2168888640590012
1.5876,2.1342834723182023,1.5876,2.2194702825509012
1.5878,2.1433184370398521,1.5878,2.2168888640590012
1.588,2.1368648908101022,1.588,2.2194702825509012
1.5882,2.1394463093020022,1.5882,2.2207609917968512
1.5884,2.1407370185479522,1.5884,2.2220517010428011
1.5886,2.1394463093020022,1.5886,2.2194702825509012
1.5888,2.1471905647777021,1.5888,2.2233424102887511
1.589,2.1484812740236521,1.589,2.231086665764451
1.5892,2.1471905647777021,1.5892,2.2246331195347011
1.5894,2.1471905647777021,1.5894,2.2272145380266011
1.5896,2.1471905647777021,1.5896,2.2285052472725511
1.5898,2.1471905647777021,1.5898,2.2246331195347011
1.59,2.1458998555317521,1.59,2.231086665764451
1.5902,2.1471905647777021,1.5902,2.2259238287806511
1.5904,2.1484812740236521,1.5904,2.229795956518501
1.5906,2.1471905647777021,1.5906,2.231086665764451
1.5908,2.1484812740236521,1.5908,2.233668084256351
1.591,2.1484812740236521,1.591,2.2246331195347011
1.5912,2.152353401761502,1.5912,2.229795956518501
1.5914,2.1471905647777021,1.5914,2.232377375010401
1.5916,2.1433184370398521,1.5916,2.2272145380266011
1.5918,2.1484812740236521,1.5918,2.231086665764451
1.592,2.1484812740236521,1.592,2.229795956518501
1.5922,2.1458998555317521,1.5922,2.2220517010428011
1.5924,2.1484812740236521,1.5924,2.2259238287806511
1.5926,2.1446091462858021,1.5926,2.2233424102887511
1.5928,2.1420277277939022,1.5928,2.2246331195347011
1.593,2.1433184370398521,1.593,2.2194702825509012
1.5932,2.1446091462858021,1.5932,2.2181795733049512
1.5934,2.1420277277939022,1.5934,2.2220517010428011
1.5936,2.1368648908101022,1.5936,2.2220517010428011
1.5938,2.1394463093020022,1.5938,2.2168888640590012
1.594,2.1381556000560522,1.594,2.2194702825509012
1.5942,2.1394463093020022,1.5942,2.2155981548130512
1.5944,2.1368648908101022,1.5944,2.2104353178292513
1.5946,2.1342834723182023,1.5946,2.2130167363211513
1.5948,2.1342834723182023,1.5948,2.2168888640590012
1.595,2.1368648908101022,1.595,2.2104353178292513
1.5952,2.1329927630722523,1.5952,2.2091446085833013
1.5954,2.1239577983506024,1.5954,2.2091446085833013
1.5956,2.1278299260884523,1.5956,2.2039817715995014
1.5958,2.1291206353344023,1.5958,2.2052724808454514
1.596,2.1265392168425024,1.596,2.2026910623535514
1.5962,2.1239577983506024,1.5962,2.2026910623535514
1.5964,2.1200856706127524,1.5964,2.2001096438616514
1.5966,2.1162135428749025,1.5966,2.1975282253697515
1.5968,2.1187949613668025,1.5968,2.2001096438616514
1.597,2.1162135428749025,1.597,2.1962375161238015
1.5972,2.1097599966451526,1.5972,2.1962375161238015
1.5974,2.1136321243830025,1.5974,2.1962375161238015
1.5976,2.1123414151370525,1.5976,2.1949468068778515
1.5978,2.1136321243830025,1.5978,2.1949468068778515
1.598,2.1084692873992026,1.598,2.1897839698940516
1.5982,2.1149228336289525,1.5982,2.1884932606481016
1.5984,2.1071785781532526,1.5984,2.1910746791400015
1.5986,2.1097599966451526,1.5986,2.1846211329102516
1.5988,2.1058878689073026,1.5988,2.1833304236643016
1.599,2.1045971596613526,1.599,2.1910746791400015
1.5992,2.1020157411694527,1.5992,2.1768768774345517
1.5994,2.1033064504154027,1.5994,2.1820397144183517
1.5996,2.1045971596613526,1.5996,2.1872025514021516
1.5998,2.1020157411694527,1.5998,2.1833304236643016
1.6,2.1071785781532526,1.6,2.1846211329102516
1.6002,2.1033064504154027,1.6002,2.1833304236643016
1.6004,2.1045971596613526,1.6004,2.1807490051724017
1.6006,2.1020157411694527,1.6006,2.1820397144183517
1.6008,2.1045971596613526,1.6008,2.1781675866805017
1.601,2.1020157411694527,1.601,2.1820397144183517
1.6012,2.1020157411694527,1.6012,2.1820397144183517
1.6014,2.1020157411694527,1.6014,2.1846211329102516
1.6016,2.1045971596613526,1.6016,2.1872025514021516
1.6018,2.0981436134316027,1.6018,2.1781675866805017
1.602,2.1033064504154027,1.602,2.1820397144183517
1.6022,2.1045971596613526,1.6022,2.1859118421562016
1.6024,2.1071785781532526,1.6024,2.1872025514021516
1.6026,2.1020157411694527,1.6026,2.1910746791400015
1.6028,2.1033064504154027,1.6028,2.1897839698940516
1.603,2.1084692873992026,1.603,2.1872025514021516
1.6032,2.1123414151370525,1.6032,2.1910746791400015
1.6034,2.1071785781532526,1.6034,2.1923653883859515
1.6036,2.1058878689073026,1.6036,2.1910746791400015
1.6038,2.1097599966451526,1.6038,2.1910746791400015
1.604,2.1084692873992026,1.604,2.1897839698940516
1.6042,2.1149228336289525,1.6042,2.1884932606481016
1.6044,2.1162135428749025,1.6044,2.1962375161238015
1.6046,2.1123414151370525,1.6046,2.1923653883859515
1.6048,2.1162135428749025,1.6048,2.1936560976319015
1.605,2.1213763798587024,1.605,2.1936560976319015
1.6052,2.1187949613668025,1.6052,2.2014003531076014
1.6054,2.1200856706127524,1.6054,2.2026910623535514
1.6056,2.1200856706127524,1.6056,2.2052724808454514
1.6058,2.1252485075965524,1.6058,2.2065631900914013
1.606,2.1252485075965524,1.606,2.2104353178292513
1.6062,2.1265392168425024,1.6062,2.2014003531076014
1.6064,2.1278299260884523,1.6064,2.2091446085833013
1.6066,2.1329927630722523,1.6066,2.2091446085833013
1.6068,2.1317020538263023,1.6068,2.2130167363211513
1.607,2.1342834723182023,1.607,2.2168888640590012
1.6072,2.1368648908101022,1.6072,2.2168888640590012
1.6074,2.1368648908101022,1.6074,2.2143074455671012
1.6076,2.1368648908101022,1.6076,2.2194702825509012
1.6078,2.1355741815641522,1.6078,2.2207609917968512
1.608,2.1407370185479522,1.608,2.2285052472725511
1.6082,2.1433184370398521,1.6082,2.2246331195347011
1.6084,2.1394463093020022,1.6084,2.2233424102887511
1.6086,2.1433184370398521,1.6086,2.2233424102887511
1.6088,2.1446091462858021,1.6088,2.2272145380266011
1.609,2.1471905647777021,1.609,2.2272145380266011
1.6092,2.1471905647777021,1.6092,2.2207609917968512
1.6094,2.1497719832696021,1.6094,2.2285052472725511
1.6096,2.1420277277939022,1.6096,2.2259238287806511
1.6098,2.1458998555317521,1.6098,2.2246331195347011
1.61,2.1458998555317521,1.61,2.2259238287806511
1.6102,2.1458998555317521,1.6102,2.2285052472725511
1.6104,2.1446091462858021,1.6104,2.2375402119942009
1.6106,2.1471905647777021,1.6106,2.2272145380266011
1.6108,2.1471905647777021,1.6108,2.232377375010401
1.611,2.1446091462858021,1.611,2.2272145380266011
1.6112,2.1458998555317521,1.6112,2.2259238287806511
1.6114,2.1484812740236521,1.6114,2.2285052472725511
1.6116,2.1497719832696021,1.6116,2.2285052472725511
1.6118,2.1471905647777021,1.6118,2.2285052472725511
1.612,2.1471905647777021,1.612,2.234958793502301
1.6122,2.1471905647777021,1.6122,2.2207609917968512
1.6124,2.1484812740236521,1.6124,2.2259238287806511
1.6126,2.1446091462858021,1.6126,2.2246331195347011
1.6128,2.1420277277939022,1.6128,2.2233424102887511
1.613,2.1407370185479522,1.613,2.2181795733049512
1.6132,2.1394463093020022,1.6132,2.2220517010428011
1.6134,2.1420277277939022,1.6134,2.2207609917968512
1.6136,2.1394463093020022,1.6136,2.2194702825509012
1.6138,2.1407370185479522,1.6138,2.2207609917968512
1.614,2.1368648908101022,1.614,2.2168888640590012
1.6142,2.1368648908101022,1.6142,2.2207609917968512
1.6144,2.1394463093020022,1.6144,2.2117260270752013
1.6146,2.1342834723182023,1.6146,2.2207609917968512
1.6148,2.1342834723182023,1.6148,2.2130167363211513
1.615,2.1304113445803523,1.615,2.2155981548130512
1.6152,2.1304113445803523,1.6152,2.2065631900914013
1.6154,2.1278299260884523,1.6154,2.2104353178292513
1.6156,2.1239577983506024,1.6156,2.2065631900914013
1.6158,2.1278299260884523,1.6158,2.2039817715995014
1.616,2.1226670891046524,1.616,2.2026910623535514
1.6162,2.1200856706127524,1.6162,2.2039817715995014
1.6164,2.1162135428749025,1.6164,2.2014003531076014
1.6166,2.1162135428749025,1.6166,2.2014003531076014
1.6168,2.1175042521208525,1.6168,2.1975282253697515
1.617,2.1175042521208525,1.617,2.1962375161238015
1.6172,2.1110507058911026,1.6172,2.1975282253697515
1.6174,2.1110507058911026,1.6174,2.1910746791400015
1.6176,2.1110507058911026,1.6176,2.1936560976319015
1.6178,2.1097599966451526,1.6178,2.1923653883859515
1.618,2.1110507058911026,1.618,2.1923653883859515
1.6182,2.1123414151370525,1.6182,2.1872025514021516
1.6184,2.1084692873992026,1.6184,2.1923653883859515
1.6186,2.1084692873992026,1.6186,2.1936560976319015
1.6188,2.1071785781532526,1.6188,2.1897839698940516
1.619,2.1007250319235027,1.619,2.1859118421562016
1.6192,2.1058878689073026,1.6192,2.1872025514021516
1.6194,2.1045971596613526,1.6194,2.1884932606481016
1.6196,2.1097599966451526,1.6196,2.1807490051724017
1.6198,2.1020157411694527,1.6198,2.1884932606481016
1.62,2.1045971596613526,1.62,2.1833304236643016
1.6202,2.1020157411694527,1.6202,2.1846211329102516
1.6204,2.0994343226775527,1.6204,2.1807490051724017
1.6206,2.1020157411694527,1.6206,2.1872025514021516
1.6208,2.1020157411694527,1.6208,2.1820397144183517
1.621,2.1020157411694527,1.621,2.1846211329102516
1.6212,2.0981436134316027,1.6212,2.1781675866805017
1.6214,2.0981436134316027,1.6214,2.1820397144183517
1.6216,2.1020157411694527,1.6216,2.1781675866805017
1.6218,2.1020157411694527,1.6218,2.1833304236643016
1.622,2.1020157411694527,1.622,2.1781675866805017
1.6222,2.1020157411694527,1.6222,2.1872025514021516
1.6224,2.1020157411694527,1.6224,2.1846211329102516
1.6226,2.1020157411694527,1.6226,2.1859118421562016
1.6228,2.1058878689073026,1.6228,2.1833304236643016
1.623,2.1136321243830025,1.623,2.1859118421562016
1.6232,2.1097599966451526,1.6232,2.1884932606481016
1.6234,2.1123414151370525,1.6234,2.1820397144183517
1.6236,2.1058878689073026,1.6236,2.1923653883859515
1.6238,2.1136321243830025,1.6238,2.1884932606481016
1.624,2.1097599966451526,1.624,2.1923653883859515
1.6242,2.1123414151370525,1.6242,2.1923653883859515
1.6244,2.1149228336289525,1.6244,2.1936560976319015
1.6246,2.1149228336289525,1.6246,2.1988189346157014
1.6248,2.1136321243830025,1.6248,2.1962375161238015
1.625,2.1149228336289525,1.625,2.2001096438616514
1.6252,2.1162135428749025,1.6252,2.2052724808454514
1.6254,2.1213763798587024,1.6254,2.2026910623535514
1.6256,2.1213763798587024,1.6256,2.1975282253697515
1.6258,2.1200856706127524,1.6258,2.2014003531076014
1.626,2.1252485075965524,1.626,2.2078538993373513
1.6262,2.1265392168425024,1.6262,2.2026910623535514
1.6264,2.1278299260884523,1.6264,2.2117260270752013
1.6266,2.1278299260884523,1.6266,2.2130167363211513
1.6268,2.1317020538263023,1.6268,2.2143074455671012
1.627,2.1317020538263023,1.627,2.2065631900914013
1.6272,2.1329927630722523,1.6272,2.2143074455671012
1.6274,2.1368648908101022,1.6274,2.2168888640590012
1.6276,2.1342834723182023,1.6276,2.2181795733049512
1.6278,2.1368648908101022,1.6278,2.2233424102887511
1.628,2.1394463093020022,1.628,2.2143074455671012
1.6282,2.1394463093020022,1.6282,2.2168888640590012
1.6284,2.1381556000560522,1.6284,2.2194702825509012
1.6286,2.1394463093020022,1.6286,2.2246331195347011
1.6288,2.1407370185479522,1.6288,2.2246331195347011
1.629,2.1420277277939022,1.629,2.2246331195347011
1.6292,2.1458998555317521,1.6292,2.2285052472725511
1.6294,2.1433184370398521,1.6294,2.229795956518501
1.6296,2.1471905647777021,1.6296,2.231086665764451
1.6298,2.1458998555317521,1.6298,2.229795956518501
1.63,2.1420277277939022,1.63,2.232377375010401
1.6302,2.1471905647777021,1.6302,2.232377375010401
1.6304,2.1497719832696021,1.6304,2.232377375010401
1.6306,2.1458998555317521,1.6306,2.229795956518501
1.6308,2.1471905647777021,1.6308,2.2246331195347011
1.631,2.151062692515552,1.631,2.229795956518501
1.6312,2.1497719832696021,1.6312,2.2272145380266011
1.6314,2.1458998555317521,1.6314,2.2272145380266011
1.6316,2.1458998555317521,1.6316,2.2233424102887511
1.6318,2.1458998555317521,1.6318,2.2285052472725511
1.632,2.1471905647777021,1.632,2.2259238287806511
1.6322,2.1458998555317521,1.6322,2.2233424102887511
1.6324,2.1471905647777021,1.6324,2.2194702825509012
1.6326,2.1420277277939022,1.6326,2.2246331195347011
1.6328,2.1420277277939022,1.6328,2.2168888640590012
1.633,2.1407370185479522,1.633,2.2194702825509012
1.6332,2.1433184370398521,1.6332,2.2233424102887511
1.6334,2.1407370185479522,1.6334,2.2181795733049512
1.6336,2.1355741815641522,1.6336,2.2194702825509012
1.6338,2.1381556000560522,1.6338,2.2194702825509012
1.634,2.1381556000560522,1.634,2.2181795733049512
1.6342,2.1381556000560522,1.6342,2.2143074455671012
1.6344,2.1368648908101022,1.6344,2.2143074455671012
1.6346,2.1355741815641522,1.6346,2.2155981548130512
1.6348,2.1329927630722523,1.6348,2.2181795733049512
1.635,2.1368648908101022,1.635,2.2130167363211513
1.6352,2.1304113445803523,1.6352,2.2104353178292513
1.6354,2.1291206353344023,1.6354,2.2091446085833013
1.6356,2.1226670891046524,1.6356,2.2078538993373513
1.6358,2.1226670891046524,1.6358,2.2039817715995014
1.636,2.1291206353344023,1.636,2.2026910623535514
1.6362,2.1200856706127524,1.6362,2.1988189346157014
1.6364,2.1213763798587024,1.6364,2.2014003531076014
1.6366,2.1200856706127524,1.6366,2.1962375161238015
1.6368,2.1162135428749025,1.6368,2.1936560976319015
1.637,2.1175042521208525,1.637,2.1910746791400015
1.6372,2.1187949613668025,1.6372,2.1884932606481016
1.6374,2.1110507058911026,1.6374,2.1897839698940516
1.6376,2.1110507058911026,1.6376,2.1910746791400015
1.6378,2.1136321243830025,1.6378,2.1884932606481016
1.638,2.1123414151370525,1.638,2.1910746791400015
1.6382,2.1058878689073026,1.6382,2.1884932606481016
1.6384,2.1058878689073026,1.6384,2.1923653883859515
1.6386,2.1045971596613526,1.6386,2.1872025514021516
1.6388,2.1058878689073026,1.6388,2.1820397144183517
1.639,2.1045971596613526,1.639,2.1872025514021516
1.6392,2.1084692873992026,1.6392,2.1833304236643016
1.6394,2.1084692873992026,1.6394,2.1846211329102516
1.6396,2.1045971596613526,1.6396,2.1820397144183517
1.6398,2.1020157411694527,1.6398,2.1846211329102516
1.64,2.1058878689073026,1.64,2.1807490051724017
1.6402,2.1033064504154027,1.6402,2.1859118421562016
1.6404,2.0968529041856527,1.6404,2.1768768774345517
1.6406,2.1020157411694527,1.6406,2.1820397144183517
1.6408,2.1058878689073026,1.6408,2.1794582959264517
1.641,2.1007250319235027,1.641,2.1833304236643016
1.6412,2.1007250319235027,1.6412,2.1846211329102516
1.6414,2.0981436134316027,1.6414,2.1794582959264517
1.6416,2.0968529041856527,1.6416,2.1884932606481016
1.6418,2.0968529041856527,1.6418,2.1833304236643016
1.642,2.1045971596613526,1.642,2.1859118421562016
1.6422,2.1058878689073026,1.6422,2.1884932606481016
1.6424,2.1058878689073026,1.6424,2.1859118421562016
1.6426,2.1110507058911026,1.6426,2.1820397144183517
1.6428,2.1033064504154027,1.6428,2.1833304236643016
1.643,2.1084692873992026,1.643,2.1833304236643016
1.6432,2.1149228336289525,1.6432,2.1872025514021516
1.6434,2.1097599966451526,1.6434,2.1936560976319015
1.6436,2.1110507058911026,1.6436,2.1910746791400015
1.6438,2.1123414151370525,1.6438,2.1910746791400015
1.644,2.1136321243830025,1.644,2.1910746791400015
1.6442,2.1175042521208525,1.6442,2.1975282253697515
1.6444,2.1162135428749025,1.6444,2.1897839698940516
1.6446,2.1162135428749025,1.6446,2.1949468068778515
1.6448,2.1149228336289525,1.6448,2.1923653883859515
1.645,2.1213763798587024,1.645,2.1949468068778515
1.6452,2.1213763798587024,1.6452,2.2014003531076014
1.6454,2.1213763798587024,1.6454,2.2039817715995014
1.6456,2.1239577983506024,1.6456,2.2078538993373513
1.6458,2.1252485075965524,1.6458,2.2117260270752013
1.646,2.1304113445803523,1.646,2.2078538993373513
1.6462,2.1291206353344023,1.6462,2.2078538993373513
1.6464,2.1278299260884523,1.6464,2.2117260270752013
1.6466,2.1317020538263023,1.6466,2.2104353178292513
1.6468,2.1317020538263023,1.6468,2.2091446085833013
1.647,2.1317020538263023,1.647,2.2155981548130512
1.6472,2.1342834723182023,1.6472,2.2143074455671012
1.6474,2.1355741815641522,1.6474,2.2168888640590012
1.6476,2.1368648908101022,1.6476,2.2181795733049512
1.6478,2.1407370185479522,1.6478,2.2155981548130512
1.648,2.1342834723182023,1.648,2.2194702825509012
1.6482,2.1381556000560522,1.6482,2.2194702825509012
1.6484,2.1407370185479522,1.6484,2.2220517010428011
1.6486,2.1484812740236521,1.6486,2.2272145380266011
1.6488,2.1420277277939022,1.6488,2.2220517010428011
1.649,2.1433184370398521,1.649,2.2220517010428011
1.6492,2.1355741815641522,1.6492,2.2246331195347011
1.6494,2.1446091462858021,1.6494,2.2246331195347011
1.6496,2.1458998555317521,1.6496,2.2272145380266011
1.6498,2.1420277277939022,1.6498,2.229795956518501
1.65,2.1471905647777021,1.65,2.2285052472725511
1.6502,2.1433184370398521,1.6502,2.2259238287806511
1.6504,2.1446091462858021,1.6504,2.229795956518501
1.6506,2.1497719832696021,1.6506,2.231086665764451
1.6508,2.1471905647777021,1.6508,2.2272145380266011
1.651,2.1446091462858021,1.651,2.2285052472725511
1.6512,2.1484812740236521,1.6512,2.231086665764451
1.6514,2.1458998555317521,1.6514,2.2285052472725511
1.6516,2.153644111007452,1.6516,2.2246331195347011
1.6518,2.1484812740236521,1.6518,2.2285052472725511
1.652,2.1446091462858021,1.652,2.2272145380266011
1.6522,2.1497719832696021,1.6522,2.2246331195347011
1.6524,2.1458998555317521,1.6524,2.2233424102887511
1.6526,2.1446091462858021,1.6526,2.2220517010428011
1.6528,2.1433184370398521,1.6528,2.2246331195347011
1.653,2.1394463093020022,1.653,2.2207609917968512
1.6532,2.1394463093020022,1.6532,2.2168888640590012
1.6534,2.1381556000560522,1.6534,2.2207609917968512
1.6536,2.1368648908101022,1.6536,2.2207609917968512
1.6538,2.1368648908101022,1.6538,2.2168888640590012
1.654,2.1368648908101022,1.654,2.2168888640590012
1.6542,2.1368648908101022,1.6542,2.2168888640590012
1.6544,2.1329927630722523,1.6544,2.2168888640590012
1.6546,2.1381556000560522,1.6546,2.2130167363211513
1.6548,2.1355741815641522,1.6548,2.2130167363211513
1.655,2.1329927630722523,1.655,2.2168888640590012
1.6552,2.1317020538263023,1.6552,2.2130167363211513
1.6554,2.1317020538263023,1.6554,2.2104353178292513
1.6556,2.1226670891046524,1.6556,2.2014003531076014
1.6558,2.1252485075965524,1.6558,2.2001096438616514
1.656,2.1239577983506024,1.656,2.2014003531076014
1.6562,2.1187949613668025,1.6562,2.2014003531076014
1.6564,2.1252485075965524,1.6564,2.2001096438616514
1.6566,2.1136321243830025,1.6566,2.1988189346157014
1.6568,2.1149228336289525,1.6568,2.1923653883859515
1.657,2.1213763798587024,1.657,2.1936560976319015
1.6572,2.1200856706127524,1.6572,2.1936560976319015
1.6574,2.1162135428749025,1.6574,2.1962375161238015
1.6576,2.1084692873992026,1.6576,2.1910746791400015
1.6578,2.1097599966451526,1.6578,2.1923653883859515
1.658,2.1071785781532526,1.658,2.1897839698940516
1.6582,2.1136321243830025,1.6582,2.1923653883859515
1.6584,2.1136321243830025,1.6584,2.1884932606481016
1.6586,2.1110507058911026,1.6586,2.1846211329102516
1.6588,2.1071785781532526,1.6588,2.1820397144183517
1.659,2.1084692873992026,1.659,2.1872025514021516
1.6592,2.1084692873992026,1.6592,2.1820397144183517
1.6594,2.1020157411694527,1.6594,2.1794582959264517
1.6596,2.1045971596613526,1.6596,2.1846211329102516
1.6598,2.1045971596613526,1.6598,2.1846211329102516
1.66,2.1020157411694527,1.66,2.1846211329102516
1.6602,2.1045971596613526,1.6602,2.1859118421562016
1.6604,2.0994343226775527,1.6604,2.1807490051724017
1.6606,2.1033064504154027,1.6606,2.1781675866805017
1.6608,2.1033064504154027,1.6608,2.1807490051724017
1.661,2.1045971596613526,1.661,2.1872025514021516
1.6612,2.1020157411694527,1.6612,2.1768768774345517
1.6614,2.1020157411694527,1.6614,2.1833304236643016
1.6616,2.1033064504154027,1.6616,2.1872025514021516
1.6618,2.1020157411694527,1.6618,2.1833304236643016
1.662,2.0994343226775527,1.662,2.1807490051724017
1.6622,2.1020157411694527,1.6622,2.1820397144183517
1.6624,2.1007250319235027,1.6624,2.1884932606481016
1.6626,2.1058878689073026,1.6626,2.1884932606481016
1.6628,2.1020157411694527,1.6628,2.1884932606481016
1.663,2.1084692873992026,1.663,2.1897839698940516
1.6632,2.1071785781532526,1.6632,2.1872025514021516
1.6634,2.1097599966451526,1.6634,2.1872025514021516
1.6636,2.1071785781532526,1.6636,2.1884932606481016
1.6638,2.1084692873992026,1.6638,2.1910746791400015
1.664,2.1149228336289525,1.664,2.1897839698940516
1.6642,2.1136321243830025,1.6642,2.1936560976319015
1.6644,2.1162135428749025,1.6644,2.1975282253697515
1.6646,2.1187949613668025,1.6646,2.1923653883859515
1.6648,2.1123414151370525,1.6648,2.1975282253697515
1.665,2.1162135428749025,1.665,2.1962375161238015
1.6652,2.1149228336289525,1.6652,2.1962375161238015
1.6654,2.1252485075965524,1.6654,2.2026910623535514
1.6656,2.1265392168425024,1.6656,2.2065631900914013
1.6658,2.1200856706127524,1.6658,2.2014003531076014
1.666,2.1239577983506024,1.666,2.2039817715995014
1.6662,2.1278299260884523,1.6662,2.2052724808454514
1.6664,2.1304113445803523,1.6664,2.2078538993373513
1.6666,2.1317020538263023,1.6666,2.2117260270752013
1.6668,2.1329927630722523,1.6668,2.2143074455671012
1.667,2.1329927630722523,1.667,2.2181795733049512
1.6672,2.1368648908101022,1.6672,2.2181795733049512
1.6674,2.1329927630722523,1.6674,2.2220517010428011
1.6676,2.1355741815641522,1.6676,2.2194702825509012
1.6678,2.1407370185479522,1.6678,2.2194702825509012
1.668,2.1355741815641522,1.668,2.2233424102887511
1.6682,2.1368648908101022,1.6682,2.2181795733049512
1.6684,2.1458998555317521,1.6684,2.2181795733049512
1.6686,2.1394463093020022,1.6686,2.2233424102887511
1.6688,2.1446091462858021,1.6688,2.2259238287806511
1.669,2.1484812740236521,1.669,2.2233424102887511
1.6692,2.1458998555317521,1.6692,2.2246331195347011
1.6694,2.1446091462858021,1.6694,2.2285052472725511
1.6696,2.1471905647777021,1.6696,2.2259238287806511
1.6698,2.1458998555317521,1.6698,2.232377375010401
1.67,2.1484812740236521,1.67,2.2285052472725511
1.6702,2.1484812740236521,1.6702,2.2285052472725511
1.6704,2.1471905647777021,1.6704,2.229795956518501
1.6706,2.1458998555317521,1.6706,2.232377375010401
1.6708,2.1471905647777021,1.6708,2.2259238287806511
1.671,2.1446091462858021,1.671,2.2233424102887511
1.6712,2.1433184370398521,1.6712,2.2246331195347011
1.6714,2.1446091462858021,1.6714,2.2285052472725511
1.6716,2.1458998555317521,1.6716,2.2285052472725511
1.6718,2.1484812740236521,1.6718,2.2272145380266011
1.672,2.1471905647777021,1.672,2.2272145380266011
1.6722,2.1471905647777021,1.6722,2.2233424102887511
1.6724,2.1471905647777021,1.6724,2.2259238287806511
1.6726,2.1407370185479522,1.6726,2.2233424102887511
1.6728,2.1458998555317521,1.6728,2.2207609917968512
1.673,2.1433184370398521,1.673,2.2207609917968512
1.6732,2.1394463093020022,1.6732,2.2259238287806511
1.6734,2.1407370185479522,1.6734,2.2233424102887511
1.6736,2.1407370185479522,1.6736,2.2194702825509012
1.6738,2.1394463093020022,1.6738,2.2194702825509012
1.674,2.1381556000560522,1.674,2.2181795733049512
1.6742,2.1355741815641522,1.6742,2.2194702825509012
1.6744,2.1355741815641522,1.6744,2.2155981548130512
1.6746,2.1317020538263023,1.6746,2.2194702825509012
1.6748,2.1329927630722523,1.6748,2.2143074455671012
1.675,2.1329927630722523,1.675,2.2130167363211513
1.6752,2.1291206353344023,1.6752,2.2052724808454514
1.6754,2.1278299260884523,1.6754,2.2091446085833013
1.6756,2.1226670891046524,1.6756,2.2104353178292513
1.6758,2.1291206353344023,1.6758,2.2039817715995014
1.676,2.1226670891046524,1.676,2.2065631900914013
1.6762,2.1252485075965524,1.6762,2.2065631900914013
1.6764,2.1200856706127524,1.6764,2.2001096438616514
1.6766,2.1175042521208525,1.6766,2.1988189346157014
1.6768,2.1187949613668025,1.6768,2.1949468068778515
1.677,2.1136321243830025,1.677,2.1975282253697515
1.6772,2.1162135428749025,1.6772,2.1949468068778515
1.6774,2.1149228336289525,1.6774,2.1949468068778515
1.6776,2.1123414151370525,1.6776,2.1936560976319015
1.6778,2.1084692873992026,1.6778,2.1897839698940516
1.678,2.1071785781532526,1.678,2.1859118421562016
1.6782,2.1149228336289525,1.6782,2.1897839698940516
1.6784,2.1084692873992026,1.6784,2.1872025514021516
1.6786,2.1123414151370525,1.6786,2.1807490051724017
1.6788,2.1110507058911026,1.6788,2.1859118421562016
1.679,2.1045971596613526,1.679,2.1872025514021516
1.6792,2.1058878689073026,1.6792,2.1859118421562016
1.6794,2.1033064504154027,1.6794,2.1820397144183517
1.6796,2.1084692873992026,1.6796,2.1872025514021516
1.6798,2.0994343226775527,1.6798,2.1833304236643016
1.68,2.1020157411694527,1.68,2.1833304236643016
1.6802,2.1033064504154027,1.6802,2.1768768774345517
1.6804,2.1020157411694527,1.6804,2.1872025514021516
1.6806,2.1007250319235027,1.6806,2.1872025514021516
1.6808,2.0994343226775527,1.6808,2.1846211329102516
1.681,2.1007250319235027,1.681,2.1820397144183517
1.6812,2.1033064504154027,1.6812,2.1833304236643016
1.6814,2.1020157411694527,1.6814,2.1846211329102516
1.6816,2.0994343226775527,1.6816,2.1807490051724017
1.6818,2.1020157411694527,1.6818,2.1820397144183517
1.682,2.1020157411694527,1.682,2.1781675866805017
1.6822,2.1033064504154027,1.6822,2.1859118421562016
1.6824,2.1058878689073026,1.6824,2.1833304236643016
1.6826,2.1045971596613526,1.6826,2.1859118421562016
1.6828,2.1045971596613526,1.6828,2.1884932606481016
1.683,2.1110507058911026,1.683,2.1884932606481016
1.6832,2.1071785781532526,1.6832,2.1923653883859515
1.6834,2.1033064504154027,1.6834,2.1833304236643016
1.6836,2.1136321243830025,1.6836,2.1949468068778515
1.6838,2.1084692873992026,1.6838,2.1884932606481016
1.684,2.1136321243830025,1.684,2.1936560976319015
1.6842,2.1110507058911026,1.6842,2.1923653883859515
1.6844,2.1149228336289525,1.6844,2.1949468068778515
1.6846,2.1175042521208525,1.6846,2.1910746791400015
1.6848,2.1123414151370525,1.6848,2.1949468068778515
1.685,2.1162135428749025,1.685,2.1988189346157014
1.6852,2.1175042521208525,1.6852,2.2001096438616514
1.6854,2.1213763798587024,1.6854,2.2026910623535514
1.6856,2.1200856706127524,1.6856,2.2039817715995014
1.6858,2.1239577983506024,1.6858,2.2091446085833013
1.686,2.1291206353344023,1.686,2.2052724808454514
1.6862,2.1265392168425024,1.6862,2.2130167363211513
1.6864,2.1278299260884523,1.6864,2.2117260270752013
1.6866,2.1317020538263023,1.6866,2.2117260270752013
1.6868,2.1342834723182023,1.6868,2.2117260270752013
1.687,2.1317020538263023,1.687,2.2155981548130512
1.6872,2.1381556000560522,1.6872,2.2168888640590012
1.6874,2.1329927630722523,1.6874,2.2181795733049512
1.6876,2.1381556000560522,1.6876,2.2155981548130512
1.6878,2.1394463093020022,1.6878,2.2181795733049512
1.688,2.1381556000560522,1.688,2.2168888640590012
1.6882,2.1394463093020022,1.6882,2.2194702825509012
1.6884,2.1446091462858021,1.6884,2.2181795733049512
1.6886,2.1484812740236521,1.6886,2.2233424102887511
1.6888,2.1407370185479522,1.6888,2.2233424102887511
1.689,2.1446091462858021,1.689,2.2259238287806511
1.6892,2.1446091462858021,1.6892,2.2285052472725511
1.6894,2.1471905647777021,1.6894,2.2259238287806511
1.6896,2.1407370185479522,1.6896,2.2259238287806511
1.6898,2.1471905647777021,1.6898,2.233668084256351
1.69,2.1458998555317521,1.69,2.2272145380266011
1.6902,2.1484812740236521,1.6902,2.229795956518501
1.6904,2.1471905647777021,1.6904,2.231086665764451
1.6906,2.1497719832696021,1.6906,2.2285052472725511
1.6908,2.1471905647777021,1.6908,2.229795956518501
1.691,2.1471905647777021,1.691,2.231086665764451
1.6912,2.1471905647777021,1.6912,2.2259238287806511
1.6914,2.151062692515552,1.6914,2.231086665764451
1.6916,2.1458998555317521,1.6916,2.2246331195347011
1.6918,2.1458998555317521,1.6918,2.232377375010401
1.692,2.1484812740236521,1.692,2.2272145380266011
1.6922,2.1484812740236521,1.6922,2.2233424102887511
1.6924,2.1458998555317521,1.6924,2.2259238287806511
1.6926,2.1433184370398521,1.6926,2.2272145380266011
1.6928,2.1433184370398521,1.6928,2.2220517010428011
1.693,2.1433184370398521,1.693,2.2220517010428011
1.6932,2.1420277277939022,1.6932,2.2130167363211513
1.6934,2.1420277277939022,1.6934,2.2207609917968512
1.6936,2.1433184370398521,1.6936,2.2220517010428011
1.6938,2.1420277277939022,1.6938,2.2194702825509012
1.694,2.1381556000560522,1.694,2.2168888640590012
1.6942,2.1355741815641522,1.6942,2.2233424102887511
1.6944,2.1381556000560522,1.6944,2.2130167363211513
1.6946,2.1317020538263023,1.6946,2.2143074455671012
1.6948,2.1304113445803523,1.6948,2.2207609917968512
1.695,2.1317020538263023,1.695,2.2104353178292513
1.6952,2.1342834723182023,1.6952,2.2143074455671012
1.6954,2.1291206353344023,1.6954,2.2026910623535514
1.6956,2.1278299260884523,1.6956,2.2104353178292513
1.6958,2.1226670891046524,1.6958,2.2052724808454514
1.696,2.1239577983506024,1.696,2.2026910623535514
1.6962,2.1278299260884523,1.6962,2.2026910623535514
1.6964,2.1239577983506024,1.6964,2.2026910623535514
1.6966,2.1226670891046524,1.6966,2.1988189346157014
1.6968,2.1175042521208525,1.6968,2.1949468068778515
1.697,2.1110507058911026,1.697,2.1962375161238015
1.6972,2.1162135428749025,1.6972,2.1910746791400015
1.6974,2.1097599966451526,1.6974,2.1910746791400015
1.6976,2.1149228336289525,1.6976,2.1936560976319015
1.6978,2.1097599966451526,1.6978,2.1923653883859515
1.698,2.1136321243830025,1.698,2.1884932606481016
1.6982,2.1084692873992026,1.6982,2.1910746791400015
1.6984,2.1058878689073026,1.6984,2.1872025514021516
1.6986,2.1045971596613526,1.6986,2.1807490051724017
1.6988,2.1045971596613526,1.6988,2.1897839698940516
1.699,2.1058878689073026,1.699,2.1846211329102516
1.6992,2.1058878689073026,1.6992,2.1846211329102516
1.6994,2.1007250319235027,1.6994,2.1846211329102516
1.6996,2.0994343226775527,1.6996,2.1859118421562016
1.6998,2.1020157411694527,1.6998,2.1833304236643016
1.7,2.0994343226775527,1.7,2.1833304236643016
1.7002,2.1007250319235027,1.7002,2.1781675866805017
1.7004,2.0994343226775527,1.7004,2.1820397144183517
1.7006,2.1007250319235027,1.7006,2.1807490051724017
1.7008,2.1007250319235027,1.7008,2.1846211329102516
1.701,2.1020157411694527,1.701,2.1820397144183517
1.7012,2.0981436134316027,1.7012,2.1781675866805017
1.7014,2.0981436134316027,1.7014,2.1820397144183517
1.7016,2.1007250319235027,1.7016,2.1859118421562016
1.7018,2.1045971596613526,1.7018,2.1807490051724017
1.702,2.0968529041856527,1.702,2.1833304236643016
1.7022,2.1045971596613526,1.7022,2.1833304236643016
1.7024,2.1045971596613526,1.7024,2.1859118421562016
1.7026,2.1033064504154027,1.7026,2.1872025514021516
1.7028,2.1020157411694527,1.7028,2.1872025514021516
1.703,2.1110507058911026,1.703,2.1872025514021516
1.7032,2.1058878689073026,1.7032,2.1884932606481016
1.7034,2.1110507058911026,1.7034,2.1923653883859515
1.7036,2.1071785781532526,1.7036,2.1910746791400015
1.7038,2.1071785781532526,1.7038,2.1884932606481016
1.704,2.1110507058911026,1.704,2.1936560976319015
1.7042,2.1110507058911026,1.7042,2.1872025514021516
1.7044,2.1097599966451526,1.7044,2.1936560976319015
1.7046,2.1110507058911026,1.7046,2.1923653883859515
1.7048,2.1162135428749025,1.7048,2.1936560976319015
1.705,2.1162135428749025,1.705,2.1949468068778515
1.7052,2.1162135428749025,1.7052,2.2014003531076014
1.7054,2.1239577983506024,1.7054,2.1975282253697515
1.7056,2.1226670891046524,1.7056,2.2065631900914013
1.7058,2.1317020538263023,1.7058,2.2091446085833013
1.706,2.1252485075965524,1.706,2.2052724808454514
1.7062,2.1252485075965524,1.7062,2.2039817715995014
1.7064,2.1278299260884523,1.7064,2.2078538993373513
1.7066,2.1329927630722523,1.7066,2.2143074455671012
1.7068,2.1291206353344023,1.7068,2.2117260270752013
1.707,2.1329927630722523,1.707,2.2168888640590012
1.7072,2.1368648908101022,1.7072,2.2130167363211513
1.7074,2.1368648908101022,1.7074,2.2181795733049512
1.7076,2.1355741815641522,1.7076,2.2246331195347011
1.7078,2.1407370185479522,1.7078,2.2272145380266011
1.708,2.1355741815641522,1.708,2.2233424102887511
1.7082,2.1381556000560522,1.7082,2.2194702825509012
1.7084,2.1407370185479522,1.7084,2.2155981548130512
1.7086,2.1407370185479522,1.7086,2.2220517010428011
1.7088,2.1458998555317521,1.7088,2.2272145380266011
1.709,2.1446091462858021,1.709,2.2272145380266011
1.7092,2.1446091462858021,1.7092,2.2285052472725511
1.7094,2.1433184370398521,1.7094,2.2246331195347011
1.7096,2.1446091462858021,1.7096,2.2233424102887511
1.7098,2.1458998555317521,1.7098,2.2285052472725511
1.71,2.1458998555317521,1.71,2.2259238287806511
1.7102,2.1433184370398521,1.7102,2.2285052472725511
1.7104,2.1458998555317521,1.7104,2.232377375010401
1.7106,2.1471905647777021,1.7106,2.2272145380266011
1.7108,2.1446091462858021,1.7108,2.2233424102887511
1.711,2.1471905647777021,1.711,2.2246331195347011
1.7112,2.1458998555317521,1.7112,2.229795956518501
1.7114,2.1484812740236521,1.7114,2.2259238287806511
1.7116,2.1484812740236521,1.7116,2.2246331195347011
1.7118,2.1471905647777021,1.7118,2.2220517010428011
1.712,2.1484812740236521,1.712,2.2246331195347011
1.7122,2.151062692515552,1.7122,2.2272145380266011
1.7124,2.1446091462858021,1.7124,2.2220517010428011
1.7126,2.1458998555317521,1.7126,2.2246331195347011
1.7128,2.1446091462858021,1.7128,2.2181795733049512
1.713,2.1407370185479522,1.713,2.2181795733049512
1.7132,2.1433184370398521,1.7132,2.2194702825509012
1.7134,2.1433184370398521,1.7134,2.2194702825509012
1.7136,2.1342834723182023,1.7136,2.2181795733049512
1.7138,2.1420277277939022,1.7138,2.2194702825509012
1.714,2.1420277277939022,1.714,2.2168888640590012
1.7142,2.1381556000560522,1.7142,2.2181795733049512
1.7144,2.1342834723182023,1.7144,2.2065631900914013
1.7146,2.1342834723182023,1.7146,2.2155981548130512
1.7148,2.1368648908101022,1.7148,2.2130167363211513
1.715,2.1329927630722523,1.715,2.2091446085833013
1.7152,2.1291206353344023,1.7152,2.2091446085833013
1.7154,2.1278299260884523,1.7154,2.2078538993373513
1.7156,2.1265392168425024,1.7156,2.2065631900914013
1.7158,2.1291206353344023,1.7158,2.2065631900914013
1.716,2.1239577983506024,1.716,2.2001096438616514
1.7162,2.1226670891046524,1.7162,2.2039817715995014
1.7164,2.1226670891046524,1.7164,2.1988189346157014
1.7166,2.1187949613668025,1.7166,2.1975282253697515
1.7168,2.1162135428749025,1.7168,2.1962375161238015
1.717,2.1162135428749025,1.717,2.1949468068778515
1.7172,2.1162135428749025,1.7172,2.1923653883859515
1.7174,2.1149228336289525,1.7174,2.1884932606481016
1.7176,2.1136321243830025,1.7176,2.1936560976319015
1.7178,2.1162135428749025,1.7178,2.1910746791400015
1.718,2.1097599966451526,1.718,2.1910746791400015
1.7182,2.1110507058911026,1.7182,2.1884932606481016
1.7184,2.1123414151370525,1.7184,2.1936560976319015
1.7186,2.1084692873992026,1.7186,2.1897839698940516
1.7188,2.1071785781532526,1.7188,2.1846211329102516
1.719,2.1045971596613526,1.719,2.1897839698940516
1.7192,2.1020157411694527,1.7192,2.1859118421562016
1.7194,2.1058878689073026,1.7194,2.1872025514021516
1.7196,2.1058878689073026,1.7196,2.1872025514021516
1.7198,2.1058878689073026,1.7198,2.1807490051724017
1.72,2.1045971596613526,1.72,2.1807490051724017
1.7202,2.1020157411694527,1.7202,2.1794582959264517
1.7204,2.1071785781532526,1.7204,2.1794582959264517
1.7206,2.1045971596613526,1.7206,2.1794582959264517
1.7208,2.0968529041856527,1.7208,2.1833304236643016
1.721,2.1007250319235027,1.721,2.1820397144183517
1.7212,2.1020157411694527,1.7212,2.1859118421562016
1.7214,2.1097599966451526,1.7214,2.1820397144183517
1.7216,2.1058878689073026,1.7216,2.1833304236643016
1.7218,2.1045971596613526,1.7218,2.1820397144183517
1.722,2.1058878689073026,1.722,2.1807490051724017
1.7222,2.1058878689073026,1.7222,2.1833304236643016
1.7224,2.1020157411694527,1.7224,2.1884932606481016
1.7226,2.1020157411694527,1.7226,2.1833304236643016
1.7228,2.1045971596613526,1.7228,2.1884932606481016
1.723,2.1084692873992026,1.723,2.1910746791400015
1.7232,2.1084692873992026,1.7232,2.1872025514021516
1.7234,2.1071785781532526,1.7234,2.1923653883859515
1.7236,2.1136321243830025,1.7236,2.1884932606481016
1.7238,2.1123414151370525,1.7238,2.1897839698940516
1.724,2.1110507058911026,1.724,2.1910746791400015
1.7242,2.1136321243830025,1.7242,2.1923653883859515
1.7244,2.1123414151370525,1.7244,2.1962375161238015
1.7246,2.1149228336289525,1.7246,2.1988189346157014
1.7248,2.1123414151370525,1.7248,2.1975282253697515
1.725,2.1175042521208525,1.725,2.2014003531076014
1.7252,2.1187949613668025,1.7252,2.1988189346157014
1.7254,2.1239577983506024,1.7254,2.1988189346157014
1.7256,2.1226670891046524,1.7256,2.2039817715995014
1.7258,2.1252485075965524,1.7258,2.2052724808454514
1.726,2.1265392168425024,1.726,2.2014003531076014
1.7262,2.1291206353344023,1.7262,2.2065631900914013
1.7264,2.1291206353344023,1.7264,2.2091446085833013
1.7266,2.1291206353344023,1.7266,2.2104353178292513
1.7268,2.1304113445803523,1.7268,2.2143074455671012
1.727,2.1355741815641522,1.727,2.2168888640590012
1.7272,2.1317020538263023,1.7272,2.2207609917968512
1.7274,2.1381556000560522,1.7274,2.2168888640590012
1.7276,2.1368648908101022,1.7276,2.2181795733049512
1.7278,2.1368648908101022,1.7278,2.2143074455671012
1.728,2.1368648908101022,1.728,2.2168888640590012
1.7282,2.1381556000560522,1.7282,2.2220517010428011
1.7284,2.1407370185479522,1.7284,2.2194702825509012
1.7286,2.1407370185479522,1.7286,2.2246331195347011
1.7288,2.1420277277939022,1.7288,2.2233424102887511
1.729,2.1433184370398521,1.729,2.2246331195347011
1.7292,2.1433184370398521,1.7292,2.2272145380266011
1.7294,2.1446091462858021,1.7294,2.2246331195347011
1.7296,2.1471905647777021,1.7296,2.2259238287806511
1.7298,2.1433184370398521,1.7298,2.2272145380266011
1.73,2.1471905647777021,1.73,2.2220517010428011
1.7302,2.1458998555317521,1.7302,2.2259238287806511
1.7304,2.1446091462858021,1.7304,2.2272145380266011
1.7306,2.1446091462858021,1.7306,2.2272145380266011
1.7308,2.1420277277939022,1.7308,2.231086665764451
1.731,2.151062692515552,1.731,2.2246331195347011
1.7312,2.1497719832696021,1.7312,2.233668084256351
1.7314,2.1433184370398521,1.7314,2.229795956518501
1.7316,2.1497719832696021,1.7316,2.231086665764451
1.7318,2.1497719832696021,1.7318,2.229795956518501
1.732,2.1497719832696021,1.732,2.2233424102887511
1.7322,2.1471905647777021,1.7322,2.2259238287806511
1.7324,2.1471905647777021,1.7324,2.2233424102887511
1.7326,2.1458998555317521,1.7326,2.2220517010428011
1.7328,2.1433184370398521,1.7328,2.2259238287806511
1.733,2.1446091462858021,1.733,2.2194702825509012
1.7332,2.1407370185479522,1.7332,2.2168888640590012
1.7334,2.1420277277939022,1.7334,2.2233424102887511
1.7336,2.1407370185479522,1.7336,2.2207609917968512
1.7338,2.1381556000560522,1.7338,2.2207609917968512
1.734,2.1394463093020022,1.734,2.2220517010428011
1.7342,2.1381556000560522,1.7342,2.2155981548130512
1.7344,2.1355741815641522,1.7344,2.2155981548130512
1.7346,2.1304113445803523,1.7346,2.2130167363211513
1.7348,2.1329927630722523,1.7348,2.2130167363211513
1.735,2.1381556000560522,1.735,2.2130167363211513
1.7352,2.1342834723182023,1.7352,2.2052724808454514
1.7354,2.1304113445803523,1.7354,2.2065631900914013
1.7356,2.1252485075965524,1.7356,2.2078538993373513
1.7358,2.1226670891046524,1.7358,2.2052724808454514
1.736,2.1200856706127524,1.736,2.2026910623535514
1.7362,2.1239577983506024,1.7362,2.1988189346157014
1.7364,2.1226670891046524,1.7364,2.1962375161238015
1.7366,2.1149228336289525,1.7366,2.2001096438616514
1.7368,2.1175042521208525,1.7368,2.1962375161238015
1.737,2.1149228336289525,1.737,2.1936560976319015
1.7372,2.1097599966451526,1.7372,2.1949468068778515
1.7374,2.1110507058911026,1.7374,2.1936560976319015
1.7376,2.1110507058911026,1.7376,2.1884932606481016
1.7378,2.1149228336289525,1.7378,2.1923653883859515
1.738,2.1071785781532526,1.738,2.1884932606481016
1.7382,2.1084692873992026,1.7382,2.1884932606481016
1.7384,2.1084692873992026,1.7384,2.1884932606481016
1.7386,2.1084692873992026,1.7386,2.1923653883859515
1.7388,2.1071785781532526,1.7388,2.1872025514021516
1.739,2.1110507058911026,1.739,2.1820397144183517
1.7392,2.1097599966451526,1.7392,2.1833304236643016
1.7394,2.1045971596613526,1.7394,2.1884932606481016
1.7396,2.1045971596613526,1.7396,2.1794582959264517
1.7398,2.1058878689073026,1.7398,2.1846211329102516
1.74,2.1071785781532526,1.74,2.1859118421562016
1.7402,2.1007250319235027,1.7402,2.1781675866805017
1.7404,2.1045971596613526,1.7404,2.1872025514021516
1.7406,2.1007250319235027,1.7406,2.1846211329102516
1.7408,2.0981436134316027,1.7408,2.1820397144183517
1.741,2.1007250319235027,1.741,2.1794582959264517
1.7412,2.1007250319235027,1.7412,2.1820397144183517
1.7414,2.1007250319235027,1.7414,2.1833304236643016
1.7416,2.1007250319235027,1.7416,2.1833304236643016
1.7418,2.0994343226775527,1.7418,2.1833304236643016
1.742,2.1007250319235027,1.742,2.1794582959264517
1.7422,2.0981436134316027,1.7422,2.1833304236643016
1.7424,2.1007250319235027,1.7424,2.1781675866805017
1.7426,2.1058878689073026,1.7426,2.1884932606481016
1.7428,2.1033064504154027,1.7428,2.1833304236643016
1.743,2.1058878689073026,1.743,2.1884932606481016
1.7432,2.1084692873992026,1.7432,2.1872025514021516
1.7434,2.1058878689073026,1.7434,2.1846211329102516
1.7436,2.1123414151370525,1.7436,2.1872025514021516
1.7438,2.1071785781532526,1.7438,2.1884932606481016
1.744,2.1058878689073026,1.744,2.1910746791400015
1.7442,2.1097599966451526,1.7442,2.1975282253697515
1.7444,2.1136321243830025,1.7444,2.1975282253697515
1.7446,2.1123414151370525,1.7446,2.1962375161238015
1.7448,2.1136321243830025,1.7448,2.1897839698940516
1.745,2.1175042521208525,1.745,2.1988189346157014
1.7452,2.1149228336289525,1.7452,2.1962375161238015
1.7454,2.1187949613668025,1.7454,2.2039817715995014
1.7456,2.1239577983506024,1.7456,2.2026910623535514
1.7458,2.1278299260884523,1.7458,2.2052724808454514
1.746,2.1265392168425024,1.746,2.2091446085833013
1.7462,2.1265392168425024,1.7462,2.2065631900914013
1.7464,2.1291206353344023,1.7464,2.2130167363211513
1.7466,2.1278299260884523,1.7466,2.2130167363211513
1.7468,2.1317020538263023,1.7468,2.2104353178292513
1.747,2.1278299260884523,1.747,2.2181795733049512
1.7472,2.1342834723182023,1.7472,2.2181795733049512
1.7474,2.1291206353344023,1.7474,2.2181795733049512
1.7476,2.1355741815641522,1.7476,2.2207609917968512
1.7478,2.1355741815641522,1.7478,2.2155981548130512
1.748,2.1355741815641522,1.748,2.2207609917968512
1.7482,2.1394463093020022,1.7482,2.2181795733049512
1.7484,2.1394463093020022,1.7484,2.2207609917968512
1.7486,2.1433184370398521,1.7486,2.2233424102887511
1.7488,2.1433184370398521,1.7488,2.2207609917968512
1.749,2.1471905647777021,1.749,2.2207609917968512
1.7492,2.1394463093020022,1.7492,2.2259238287806511
1.7494,2.1458998555317521,1.7494,2.2246331195347011
1.7496,2.1446091462858021,1.7496,2.2246331195347011
1.7498,2.1484812740236521,1.7498,2.2272145380266011
1.75,2.1484812740236521,1.75,2.2285052472725511
1.7502,2.1458998555317521,1.7502,2.229795956518501
1.7504,2.152353401761502,1.7504,2.229795956518501
1.7506,2.1471905647777021,1.7506,2.2272145380266011
1.7508,2.1484812740236521,1.7508,2.2259238287806511
1.751,2.151062692515552,1.751,2.2246331195347011
1.7512,2.152353401761502,1.7512,2.2259238287806511
1.7514,2.1458998555317521,1.7514,2.2220517010428011
1.7516,2.1484812740236521,1.7516,2.2233424102887511
1.7518,2.1471905647777021,1.7518,2.2259238287806511
1.752,2.1458998555317521,1.752,2.2272145380266011
1.7522,2.1471905647777021,1.7522,2.2246331195347011
1.7524,2.1433184370398521,1.7524,2.2233424102887511
1.7526,2.1446091462858021,1.7526,2.2207609917968512
1.7528,2.1446091462858021,1.7528,2.2233424102887511
1.753,2.1433184370398521,1.753,2.2233424102887511
1.7532,2.1433184370398521,1.7532,2.2233424102887511
1.7534,2.1420277277939022,1.7534,2.2207609917968512
1.7536,2.1381556000560522,1.7536,2.2181795733049512
1.7538,2.1381556000560522,1.7538,2.2181795733049512
1.754,2.1342834723182023,1.754,2.2207609917968512
1.7542,2.1381556000560522,1.7542,2.2155981548130512
1.7544,2.1368648908101022,1.7544,2.2181795733049512
1.7546,2.1291206353344023,1.7546,2.2155981548130512
1.7548,2.1329927630722523,1.7548,2.2117260270752013
1.755,2.1342834723182023,1.755,2.2117260270752013
1.7552,2.1317020538263023,1.7552,2.2130167363211513
1.7554,2.1252485075965524,1.7554,2.2091446085833013
1.7556,2.1252485075965524,1.7556,2.2014003531076014
1.7558,2.1304113445803523,1.7558,2.2065631900914013
1.756,2.1252485075965524,1.756,2.2039817715995014
1.7562,2.1213763798587024,1.7562,2.2014003531076014
1.7564,2.1187949613668025,1.7564,2.2014003531076014
1.7566,2.1200856706127524,1.7566,2.1975282253697515
1.7568,2.1162135428749025,1.7568,2.2001096438616514
1.757,2.1175042521208525,1.757,2.1949468068778515
1.7572,2.1123414151370525,1.7572,2.1923653883859515
1.7574,2.1136321243830025,1.7574,2.1897839698940516
1.7576,2.1123414151370525,1.7576,2.1949468068778515
1.7578,2.1110507058911026,1.7578,2.1910746791400015
1.758,2.1162135428749025,1.758,2.1884932606481016
1.7582,2.1084692873992026,1.7582,2.1897839698940516
1.7584,2.1058878689073026,1.7584,2.1936560976319015
1.7586,2.1110507058911026,1.7586,2.1910746791400015
1.7588,2.1084692873992026,1.7588,2.1859118421562016
1.759,2.1033064504154027,1.759,2.1820397144183517
1.7592,2.1123414151370525,1.7592,2.1846211329102516
1.7594,2.1058878689073026,1.7594,2.1833304236643016
1.7596,2.1071785781532526,1.7596,2.1781675866805017
1.7598,2.1007250319235027,1.7598,2.1794582959264517
1.76,2.1058878689073026,1.76,2.1807490051724017
1.7602,2.1020157411694527,1.7602,2.1833304236643016
1.7604,2.1020157411694527,1.7604,2.1833304236643016
1.7606,2.1058878689073026,1.7606,2.1833304236643016
1.7608,2.1033064504154027,1.7608,2.1859118421562016
1.761,2.1007250319235027,1.761,2.1768768774345517
1.7612,2.0981436134316027,1.7612,2.1794582959264517
1.7614,2.1058878689073026,1.7614,2.1833304236643016
1.7616,2.1007250319235027,1.7616,2.1755861681886017
1.7618,2.1020157411694527,1.7618,2.1794582959264517
1.762,2.1007250319235027,1.762,2.1820397144183517
1.7622,2.0981436134316027,1.7622,2.1820397144183517
1.7624,2.1045971596613526,1.7624,2.1859118421562016
1.7626,2.1045971596613526,1.7626,2.1846211329102516
1.7628,2.1058878689073026,1.7628,2.1884932606481016
1.763,2.1071785781532526,1.763,2.1859118421562016
1.7632,2.1097599966451526,1.7632,2.1859118421562016
1.7634,2.1123414151370525,1.7634,2.1884932606481016
1.7636,2.1084692873992026,1.7636,2.1897839698940516
1.7638,2.1123414151370525,1.7638,2.1923653883859515
1.764,2.1110507058911026,1.764,2.1923653883859515
1.7642,2.1097599966451526,1.7642,2.1897839698940516
1.7644,2.1162135428749025,1.7644,2.1923653883859515
1.7646,2.1187949613668025,1.7646,2.1949468068778515
1.7648,2.1149228336289525,1.7648,2.1962375161238015
1.765,2.1149228336289525,1.765,2.1962375161238015
1.7652,2.1187949613668025,1.7652,2.1975282253697515
1.7654,2.1162135428749025,1.7654,2.2065631900914013
1.7656,2.1239577983506024,1.7656,2.2014003531076014
1.7658,2.1213763798587024,1.7658,2.2014003531076014
1.766,2.1226670891046524,1.766,2.2091446085833013
1.7662,2.1239577983506024,1.7662,2.2078538993373513
1.7664,2.1278299260884523,1.7664,2.2039817715995014
1.7666,2.1317020538263023,1.7666,2.2117260270752013
1.7668,2.1291206353344023,1.7668,2.2143074455671012
1.767,2.1329927630722523,1.767,2.2104353178292513
1.7672,2.1342834723182023,1.7672,2.2155981548130512
1.7674,2.1329927630722523,1.7674,2.2181795733049512
1.7676,2.1368648908101022,1.7676,2.2233424102887511
1.7678,2.1407370185479522,1.7678,2.2194702825509012
1.768,2.1407370185479522,1.768,2.2168888640590012
1.7682,2.1381556000560522,1.7682,2.2233424102887511
1.7684,2.1368648908101022,1.7684,2.2168888640590012
1.7686,2.1420277277939022,1.7686,2.2233424102887511
1.7688,2.1446091462858021,1.7688,2.2246331195347011
1.769,2.1420277277939022,1.769,2.2207609917968512
1.7692,2.1458998555317521,1.7692,2.2272145380266011
1.7694,2.1458998555317521,1.7694,2.2207609917968512
1.7696,2.1446091462858021,1.7696,2.2207609917968512
1.7698,2.1420277277939022,1.7698,2.2259238287806511
1.77,2.1446091462858021,1.77,2.2285052472725511
1.7702,2.1471905647777021,1.7702,2.229795956518501
1.7704,2.154934820253402,1.7704,2.2259238287806511
1.7706,2.1484812740236521,1.7706,2.2246331195347011
1.7708,2.1497719832696021,1.7708,2.229795956518501
1.771,2.1471905647777021,1.771,2.2285052472725511
1.7712,2.1446091462858021,1.7712,2.2285052472725511
1.7714,2.1471905647777021,1.7714,2.2285052472725511
1.7716,2.1497719832696021,1.7716,2.232377375010401
1.7718,2.1458998555317521,1.7718,2.2272145380266011
1.772,2.1471905647777021,1.772,2.2259238287806511
1.7722,2.1484812740236521,1.7722,2.231086665764451
1.7724,2.1497719832696021,1.7724,2.2272145380266011
1.7726,2.1433184370398521,1.7726,2.2207609917968512
1.7728,2.1433184370398521,1.7728,2.2207609917968512
1.773,2.1394463093020022,1.773,2.2181795733049512
1.7732,2.1394463093020022,1.7732,2.2168888640590012
1.7734,2.1433184370398521,1.7734,2.2181795733049512
1.7736,2.1433184370398521,1.7736,2.2194702825509012
1.7738,2.1381556000560522,1.7738,2.2155981548130512
1.774,2.1355741815641522,1.774,2.2168888640590012
1.7742,2.1368648908101022,1.7742,2.2155981548130512
1.7744,2.1381556000560522,1.7744,2.2168888640590012
1.7746,2.1342834723182023,1.7746,2.2155981548130512
1.7748,2.1291206353344023,1.7748,2.2130167363211513
1.775,2.1317020538263023,1.775,2.2143074455671012
1.7752,2.1304113445803523,1.7752,2.2117260270752013
1.7754,2.1200856706127524,1.7754,2.2078538993373513
1.7756,2.1278299260884523,1.7756,2.2065631900914013
1.7758,2.1252485075965524,1.7758,2.2026910623535514
1.776,2.1252485075965524,1.776,2.2039817715995014
1.7762,2.1265392168425024,1.7762,2.2039817715995014
1.7764,2.1252485075965524,1.7764,2.2014003531076014
1.7766,2.1175042521208525,1.7766,2.2039817715995014
1.7768,2.1110507058911026,1.7768,2.1923653883859515
1.777,2.1175042521208525,1.777,2.1988189346157014
1.7772,2.1110507058911026,1.7772,2.1949468068778515
1.7774,2.1162135428749025,1.7774,2.1975282253697515
1.7776,2.1136321243830025,1.7776,2.1884932606481016
1.7778,2.1123414151370525,1.7778,2.1884932606481016
1.778,2.1058878689073026,1.778,2.1923653883859515
1.7782,2.1084692873992026,1.7782,2.1962375161238015
1.7784,2.1110507058911026,1.7784,2.1923653883859515
1.7786,2.1071785781532526,1.7786,2.1859118421562016
1.7788,2.1071785781532526,1.7788,2.1807490051724017
1.779,2.1033064504154027,1.779,2.1846211329102516
1.7792,2.1033064504154027,1.7792,2.1833304236643016
1.7794,2.1033064504154027,1.7794,2.1910746791400015
1.7796,2.0994343226775527,1.7796,2.1884932606481016
1.7798,2.1045971596613526,1.7798,2.1859118421562016
1.78,2.1033064504154027,1.78,2.1846211329102516
1.7802,2.1033064504154027,1.7802,2.1820397144183517
1.7804,2.1020157411694527,1.7804,2.1846211329102516
1.7806,2.1033064504154027,1.7806,2.1859118421562016
1.7808,2.1007250319235027,1.7808,2.1794582959264517
1.781,2.1045971596613526,1.781,2.1807490051724017
1.7812,2.1020157411694527,1.7812,2.1755861681886017
1.7814,2.1033064504154027,1.7814,2.1833304236643016
1.7816,2.1007250319235027,1.7816,2.1833304236643016
1.7818,2.0968529041856527,1.7818,2.1807490051724017
1.782,2.1020157411694527,1.782,2.1755861681886017
1.7822,2.1058878689073026,1.7822,2.1807490051724017
1.7824,2.0994343226775527,1.7824,2.1846211329102516
1.7826,2.1033064504154027,1.7826,2.1833304236643016
1.7828,2.1110507058911026,1.7828,2.1833304236643016
1.783,2.1097599966451526,1.783,2.1872025514021516
1.7832,2.1071785781532526,1.7832,2.1859118421562016
1.7834,2.1084692873992026,1.7834,2.1910746791400015
1.7836,2.1097599966451526,1.7836,2.1884932606481016
1.7838,2.1097599966451526,1.7838,2.1897839698940516
1.784,2.1162135428749025,1.784,2.1923653883859515
1.7842,2.1058878689073026,1.7842,2.1962375161238015
1.7844,2.1097599966451526,1.7844,2.1962375161238015
1.7846,2.1162135428749025,1.7846,2.1923653883859515
1.7848,2.1149228336289525,1.7848,2.1897839698940516
1.785,2.1239577983506024,1.785,2.1988189346157014
1.7852,2.1149228336289525,1.7852,2.2001096438616514
1.7854,2.1239577983506024,1.7854,2.2039817715995014
1.7856,2.1136321243830025,1.7856,2.2039817715995014
1.7858,2.1213763798587024,1.7858,2.2026910623535514
1.786,2.1265392168425024,1.786,2.2039817715995014
1.7862,2.1278299260884523,1.7862,2.2065631900914013
1.7864,2.1252485075965524,1.7864,2.2065631900914013
1.7866,2.1304113445803523,1.7866,2.2091446085833013
1.7868,2.1317020538263023,1.7868,2.2117260270752013
1.787,2.1278299260884523,1.787,2.2143074455671012
1.7872,2.1329927630722523,1.7872,2.2052724808454514
1.7874,2.1317020538263023,1.7874,2.2155981548130512
1.7876,2.1355741815641522,1.7876,2.2181795733049512
1.7878,2.1394463093020022,1.7878,2.2194702825509012
1.788,2.1381556000560522,1.788,2.2181795733049512
1.7882,2.1368648908101022,1.7882,2.2168888640590012
1.7884,2.1407370185479522,1.7884,2.2233424102887511
1.7886,2.1407370185479522,1.7886,2.2207609917968512
1.7888,2.1407370185479522,1.7888,2.2259238287806511
1.789,2.1484812740236521,1.789,2.2233424102887511
1.7892,2.1433184370398521,1.7892,2.2246331195347011
1.7894,2.1471905647777021,1.7894,2.2181795733049512
1.7896,2.1458998555317521,1.7896,2.2272145380266011
1.7898,2.1407370185479522,1.7898,2.2272145380266011
1.79,2.1458998555317521,1.79,2.2233424102887511
1.7902,2.1484812740236521,1.7902,2.2246331195347011
1.7904,2.1497719832696021,1.7904,2.2259238287806511
1.7906,2.1497719832696021,1.7906,2.232377375010401
1.7908,2.151062692515552,1.7908,2.2246331195347011
1.791,2.1484812740236521,1.791,2.2285052472725511
1.7912,2.1407370185479522,1.7912,2.2272145380266011
1.7914,2.1484812740236521,1.7914,2.2285052472725511
1.7916,2.1484812740236521,1.7916,2.2207609917968512
1.7918,2.1471905647777021,1.7918,2.236249502748251
1.792,2.1446091462858021,1.792,2.2285052472725511
1.7922,2.1433184370398521,1.7922,2.2246331195347011
1.7924,2.1446091462858021,1.7924,2.2246331195347011
1.7926,2.1420277277939022,1.7926,2.2259238287806511
1.7928,2.1458998555317521,1.7928,2.2168888640590012
1.793,2.1407370185479522,1.793,2.2246331195347011
1.7932,2.1407370185479522,1.7932,2.2207609917968512
1.7934,2.1433184370398521,1.7934,2.2143074455671012
1.7936,2.1394463093020022,1.7936,2.2155981548130512
1.7938,2.1394463093020022,1.7938,2.2207609917968512
1.794,2.1368648908101022,1.794,2.2168888640590012
1.7942,2.1368648908101022,1.7942,2.2130167363211513
1.7944,2.1381556000560522,1.7944,2.2207609917968512
1.7946,2.1368648908101022,1.7946,2.2155981548130512
1.7948,2.1368648908101022,1.7948,2.2130167363211513
1.795,2.1329927630722523,1.795,2.2078538993373513
1.7952,2.1304113445803523,1.7952,2.2078538993373513
1.7954,2.1291206353344023,1.7954,2.2091446085833013
1.7956,2.1291206353344023,1.7956,2.2001096438616514
1.7958,2.1265392168425024,1.7958,2.2039817715995014
1.796,2.1265392168425024,1.796,2.2039817715995014
1.7962,2.1213763798587024,1.7962,2.2052724808454514
1.7964,2.1213763798587024,1.7964,2.2014003531076014
1.7966,2.1226670891046524,1.7966,2.1962375161238015
1.7968,2.1187949613668025,1.7968,2.1962375161238015
1.797,2.1162135428749025,1.797,2.1910746791400015
1.7972,2.1123414151370525,1.7972,2.1975282253697515
1.7974,2.1123414151370525,1.7974,2.1923653883859515
1.7976,2.1097599966451526,1.7976,2.1936560976319015
1.7978,2.1149228336289525,1.7978,2.1872025514021516
1.798,2.1175042521208525,1.798,2.1936560976319015
1.7982,2.1123414151370525,1.7982,2.1910746791400015
1.7984,2.1071785781532526,1.7984,2.1884932606481016
1.7986,2.1071785781532526,1.7986,2.1820397144183517
1.7988,2.1097599966451526,1.7988,2.1859118421562016
1.799,2.1007250319235027,1.799,2.1781675866805017
1.7992,2.1007250319235027,1.7992,2.1794582959264517
1.7994,2.1045971596613526,1.7994,2.1846211329102516
1.7996,2.1033064504154027,1.7996,2.1820397144183517
1.7998,2.1020157411694527,1.7998,2.1820397144183517
1.8,2.1020157411694527,1.8,2.1884932606481016
1.8002,2.1020157411694527,1.8002,2.1755861681886017
1.8004,2.1058878689073026,1.8004,2.1768768774345517
1.8006,2.0981436134316027,1.8006,2.1846211329102516
1.8008,2.1007250319235027,1.8008,2.1807490051724017
1.801,2.1033064504154027,1.801,2.1859118421562016
1.8012,2.1033064504154027,1.8012,2.1833304236643016
1.8014,2.0994343226775527,1.8014,2.1807490051724017
1.8016,2.1007250319235027,1.8016,2.1833304236643016
1.8018,2.0981436134316027,1.8018,2.1833304236643016
1.802,2.1045971596613526,1.802,2.1768768774345517
1.8022,2.0994343226775527,1.8022,2.1884932606481016
1.8024,2.1071785781532526,1.8024,2.1807490051724017
1.8026,2.1058878689073026,1.8026,2.1846211329102516
1.8028,2.1045971596613526,1.8028,2.1872025514021516
1.803,2.1084692873992026,1.803,2.1897839698940516
1.8032,2.1123414151370525,1.8032,2.1884932606481016
1.8034,2.1123414151370525,1.8034,2.1859118421562016
1.8036,2.1084692873992026,1.8036,2.1936560976319015
1.8038,2.1084692873992026,1.8038,2.1923653883859515
1.804,2.1162135428749025,1.804,2.1884932606481016
1.8042,2.1136321243830025,1.8042,2.1936560976319015
1.8044,2.1084692873992026,1.8044,2.1936560976319015
1.8046,2.1162135428749025,1.8046,2.1923653883859515
1.8048,2.1162135428749025,1.8048,2.1949468068778515
1.805,2.1123414151370525,1.805,2.1975282253697515
1.8052,2.1175042521208525,1.8052,2.1936560976319015
1.8054,2.1213763798587024,1.8054,2.2065631900914013
1.8056,2.1265392168425024,1.8056,2.2052724808454514
1.8058,2.1265392168425024,1.8058,2.2065631900914013
1.806,2.1213763798587024,1.806,2.2052724808454514
1.8062,2.1291206353344023,1.8062,2.2065631900914013
1.8064,2.1278299260884523,1.8064,2.2052724808454514
1.8066,2.1291206353344023,1.8066,2.2104353178292513
1.8068,2.1329927630722523,1.8068,2.2130167363211513
1.807,2.1329927630722523,1.807,2.2168888640590012
1.8072,2.1304113445803523,1.8072,2.2168888640590012
1.8074,2.1329927630722523,1.8074,2.2155981548130512
1.8076,2.1291206353344023,1.8076,2.2168888640590012
1.8078,2.1394463093020022,1.8078,2.2207609917968512
1.808,2.1394463093020022,1.808,2.2181795733049512
1.8082,2.1368648908101022,1.8082,2.2194702825509012
1.8084,2.1381556000560522,1.8084,2.2246331195347011
1.8086,2.1446091462858021,1.8086,2.2272145380266011
1.8088,2.1420277277939022,1.8088,2.2272145380266011
1.809,2.1420277277939022,1.809,2.2246331195347011
1.8092,2.1433184370398521,1.8092,2.2246331195347011
1.8094,2.1433184370398521,1.8094,2.2272145380266011
1.8096,2.1458998555317521,1.8096,2.2233424102887511
1.8098,2.1446091462858021,1.8098,2.231086665764451
1.81,2.1407370185479522,1.81,2.231086665764451
1.8102,2.1497719832696021,1.8102,2.2285052472725511
1.8104,2.1497719832696021,1.8104,2.2259238287806511
1.8106,2.151062692515552,1.8106,2.2246331195347011
1.8108,2.1446091462858021,1.8108,2.2259238287806511
1.811,2.1471905647777021,1.811,2.2285052472725511
1.8112,2.1446091462858021,1.8112,2.229795956518501
1.8114,2.1458998555317521,1.8114,2.2285052472725511
1.8116,2.1458998555317521,1.8116,2.2272145380266011
1.8118,2.151062692515552,1.8118,2.2285052472725511
1.812,2.1484812740236521,1.812,2.2259238287806511
1.8122,2.1446091462858021,1.8122,2.231086665764451
1.8124,2.1394463093020022,1.8124,2.2233424102887511
1.8126,2.1446091462858021,1.8126,2.2233424102887511
1.8128,2.1420277277939022,1.8128,2.2220517010428011
1.813,2.1420277277939022,1.813,2.2130167363211513
1.8132,2.1433184370398521,1.8132,2.2207609917968512
1.8134,2.1342834723182023,1.8134,2.2143074455671012
1.8136,2.1433184370398521,1.8136,2.2207609917968512
1.8138,2.1407370185479522,1.8138,2.2168888640590012
1.814,2.1394463093020022,1.814,2.2155981548130512
1.8142,2.1420277277939022,1.8142,2.2143074455671012
1.8144,2.1355741815641522,1.8144,2.2143074455671012
1.8146,2.1381556000560522,1.8146,2.2117260270752013
1.8148,2.1317020538263023,1.8148,2.2181795733049512
1.815,2.1342834723182023,1.815,2.2155981548130512
1.8152,2.1304113445803523,1.8152,2.2065631900914013
1.8154,2.1278299260884523,1.8154,2.2052724808454514
1.8156,2.1265392168425024,1.8156,2.2052724808454514
1.8158,2.1265392168425024,1.8158,2.2014003531076014
1.816,2.1213763798587024,1.816,2.2039817715995014
1.8162,2.1226670891046524,1.8162,2.1962375161238015
1.8164,2.1200856706127524,1.8164,2.1975282253697515
1.8166,2.1213763798587024,1.8166,2.1936560976319015
1.8168,2.1149228336289525,1.8168,2.1988189346157014
1.817,2.1149228336289525,1.817,2.1936560976319015
1.8172,2.1149228336289525,1.8172,2.1897839698940516
1.8174,2.1110507058911026,1.8174,2.1949468068778515
1.8176,2.1123414151370525,1.8176,2.1897839698940516
1.8178,2.1110507058911026,1.8178,2.1859118421562016
1.818,2.1097599966451526,1.818,2.1859118421562016
1.8182,2.1071785781532526,1.8182,2.1833304236643016
1.8184,2.1097599966451526,1.8184,2.1884932606481016
1.8186,2.1097599966451526,1.8186,2.1807490051724017
1.8188,2.1045971596613526,1.8188,2.1820397144183517
1.819,2.1058878689073026,1.819,2.1820397144183517
1.8192,2.1045971596613526,1.8192,2.1794582959264517
1.8194,2.1071785781532526,1.8194,2.1833304236643016
1.8196,2.1045971596613526,1.8196,2.1794582959264517
1.8198,2.0968529041856527,1.8198,2.1781675866805017
1.82,2.0968529041856527,1.82,2.1794582959264517
1.8202,2.0994343226775527,1.8202,2.1768768774345517
1.8204,2.0968529041856527,1.8204,2.1742954589426517
1.8206,2.0968529041856527,1.8206,2.1755861681886017
1.8208,2.1033064504154027,1.8208,2.1807490051724017
1.821,2.0968529041856527,1.821,2.1781675866805017
1.8212,2.1007250319235027,1.8212,2.1807490051724017
1.8214,2.0994343226775527,1.8214,2.1807490051724017
1.8216,2.1007250319235027,1.8216,2.1833304236643016
1.8218,2.0994343226775527,1.8218,2.1730047496967018
1.822,2.1020157411694527,1.822,2.1846211329102516
1.8222,2.0955621949397027,1.8222,2.1768768774345517
1.8224,2.1045971596613526,1.8224,2.1846211329102516
1.8226,2.1058878689073026,1.8226,2.1794582959264517
1.8228,2.1045971596613526,1.8228,2.1859118421562016
1.823,2.1071785781532526,1.823,2.1872025514021516
1.8232,2.1097599966451526,1.8232,2.1884932606481016
1.8234,2.1084692873992026,1.8234,2.1859118421562016
1.8236,2.1058878689073026,1.8236,2.1884932606481016
1.8238,2.1084692873992026,1.8238,2.1910746791400015
1.824,2.1097599966451526,1.824,2.1897839698940516
1.8242,2.1097599966451526,1.8242,2.1975282253697515
1.8244,2.1097599966451526,1.8244,2.1897839698940516
1.8246,2.1162135428749025,1.8246,2.1884932606481016
1.8248,2.1149228336289525,1.8248,2.1923653883859515
1.825,2.1175042521208525,1.825,2.2014003531076014
1.8252,2.1187949613668025,1.8252,2.2026910623535514
1.8254,2.1187949613668025,1.8254,2.2039817715995014
1.8256,2.1252485075965524,1.8256,2.2026910623535514
1.8258,2.1265392168425024,1.8258,2.2026910623535514
1.826,2.1252485075965524,1.826,2.2143074455671012
1.8262,2.1265392168425024,1.8262,2.2104353178292513
1.8264,2.1278299260884523,1.8264,2.2155981548130512
1.8266,2.1317020538263023,1.8266,2.2143074455671012
1.8268,2.1252485075965524,1.8268,2.2117260270752013
1.827,2.1329927630722523,1.827,2.2130167363211513
1.8272,2.1317020538263023,1.8272,2.2168888640590012
1.8274,2.1342834723182023,1.8274,2.2168888640590012
1.8276,2.1342834723182023,1.8276,2.2194702825509012
1.8278,2.1342834723182023,1.8278,2.2220517010428011
1.828,2.1420277277939022,1.828,2.2220517010428011
1.8282,2.1368648908101022,1.8282,2.2194702825509012
1.8284,2.1381556000560522,1.8284,2.2194702825509012
1.8286,2.1355741815641522,1.8286,2.2207609917968512
1.8288,2.1446091462858021,1.8288,2.2246331195347011
1.829,2.1433184370398521,1.829,2.2272145380266011
1.8292,2.1420277277939022,1.8292,2.2259238287806511
1.8294,2.1394463093020022,1.8294,2.2272145380266011
1.8296,2.1433184370398521,1.8296,2.2272145380266011
1.8298,2.1433184370398521,1.8298,2.229795956518501
1.83,2.1471905647777021,1.83,2.2285052472725511
1.8302,2.1497719832696021,1.8302,2.2285052472725511
1.8304,2.1497719832696021,1.8304,2.2259238287806511
1.8306,2.1471905647777021,1.8306,2.2233424102887511
1.8308,2.1471905647777021,1.8308,2.229795956518501
1.831,2.1446091462858021,1.831,2.2259238287806511
1.8312,2.1458998555317521,1.8312,2.231086665764451
1.8314,2.1446091462858021,1.8314,2.232377375010401
1.8316,2.151062692515552,1.8316,2.2259238287806511
1.8318,2.1458998555317521,1.8318,2.2233424102887511
1.832,2.1497719832696021,1.832,2.2246331195347011
1.8322,2.1458998555317521,1.8322,2.2272145380266011
1.8324,2.1497719832696021,1.8324,2.2246331195347011
1.8326,2.1420277277939022,1.8326,2.2181795733049512
1.8328,2.1433184370398521,1.8328,2.2207609917968512
1.833,2.1420277277939022,1.833,2.2220517010428011
1.8332,2.1381556000560522,1.8332,2.2207609917968512
1.8334,2.1433184370398521,1.8334,2.2168888640590012
1.8336,2.1394463093020022,1.8336,2.2194702825509012
1.8338,2.1368648908101022,1.8338,2.2168888640590012
1.834,2.1355741815641522,1.834,2.2168888640590012
1.8342,2.1407370185479522,1.8342,2.2233424102887511
1.8344,2.1368648908101022,1.8344,2.2130167363211513
1.8346,2.1329927630722523,1.8346,2.2181795733049512
1.8348,2.1342834723182023,1.8348,2.2130167363211513
1.835,2.1342834723182023,1.835,2.2065631900914013
1.8352,2.1304113445803523,1.8352,2.2052724808454514
1.8354,2.1265392168425024,1.8354,2.2091446085833013
1.8356,2.1213763798587024,1.8356,2.2052724808454514
1.8358,2.1187949613668025,1.8358,2.2026910623535514
1.836,2.1200856706127524,1.836,2.1988189346157014
1.8362,2.1187949613668025,1.8362,2.2039817715995014
1.8364,2.1213763798587024,1.8364,2.1962375161238015
1.8366,2.1200856706127524,1.8366,2.1975282253697515
1.8368,2.1175042521208525,1.8368,2.1923653883859515
1.837,2.1175042521208525,1.837,2.1884932606481016
1.8372,2.1097599966451526,1.8372,2.1949468068778515
1.8374,2.1162135428749025,1.8374,2.1962375161238015
1.8376,2.1110507058911026,1.8376,2.1962375161238015
1.8378,2.1084692873992026,1.8378,2.1910746791400015
1.838,2.1071785781532526,1.838,2.1833304236643016
1.8382,2.1136321243830025,1.8382,2.1897839698940516
1.8384,2.1123414151370525,1.8384,2.1884932606481016
1.8386,2.1084692873992026,1.8386,2.1884932606481016
1.8388,2.1071785781532526,1.8388,2.1781675866805017
1.839,2.1071785781532526,1.839,2.1820397144183517
1.8392,2.1084692873992026,1.8392,2.1833304236643016
1.8394,2.1033064504154027,1.8394,2.1846211329102516
1.8396,2.1007250319235027,1.8396,2.1846211329102516
1.8398,2.1033064504154027,1.8398,2.1859118421562016
1.84,2.1020157411694527,1.84,2.1781675866805017
1.8402,2.0981436134316027,1.8402,2.1755861681886017
1.8404,2.1007250319235027,1.8404,2.1781675866805017
1.8406,2.1007250319235027,1.8406,2.1807490051724017
1.8408,2.1007250319235027,1.8408,2.1820397144183517
1.841,2.1045971596613526,1.841,2.1794582959264517
1.8412,2.1058878689073026,1.8412,2.1781675866805017
1.8414,2.1058878689073026,1.8414,2.1859118421562016
1.8416,2.1045971596613526,1.8416,2.1807490051724017
1.8418,2.1007250319235027,1.8418,2.1820397144183517
1.842,2.0994343226775527,1.842,2.1794582959264517
1.8422,2.1058878689073026,1.8422,2.1846211329102516
1.8424,2.1033064504154027,1.8424,2.1859118421562016
1.8426,2.1084692873992026,1.8426,2.1846211329102516
1.8428,2.1058878689073026,1.8428,2.1846211329102516
1.843,2.1020157411694527,1.843,2.1859118421562016
1.8432,2.1045971596613526,1.8432,2.1897839698940516
1.8434,2.1058878689073026,1.8434,2.1936560976319015
1.8436,2.1097599966451526,1.8436,2.1872025514021516
1.8438,2.1045971596613526,1.8438,2.1872025514021516
1.844,2.1123414151370525,1.844,2.1897839698940516
1.8442,2.1110507058911026,1.8442,2.1910746791400015
1.8444,2.1149228336289525,1.8444,2.1910746791400015
1.8446,2.1149228336289525,1.8446,2.1949468068778515
1.8448,2.1084692873992026,1.8448,2.1910746791400015
1.845,2.1162135428749025,1.845,2.1923653883859515
1.8452,2.1187949613668025,1.8452,2.2039817715995014
1.8454,2.1175042521208525,1.8454,2.2001096438616514
1.8456,2.1200856706127524,1.8456,2.2065631900914013
1.8458,2.1213763798587024,1.8458,2.2039817715995014
1.846,2.1278299260884523,1.846,2.2078538993373513
1.8462,2.1265392168425024,1.8462,2.2091446085833013
1.8464,2.1278299260884523,1.8464,2.2091446085833013
1.8466,2.1291206353344023,1.8466,2.2104353178292513
1.8468,2.1304113445803523,1.8468,2.2091446085833013
1.847,2.1317020538263023,1.847,2.2104353178292513
1.8472,2.1304113445803523,1.8472,2.2091446085833013
1.8474,2.1355741815641522,1.8474,2.2168888640590012
1.8476,2.1368648908101022,1.8476,2.2155981548130512
1.8478,2.1407370185479522,1.8478,2.2168888640590012
1.848,2.1394463093020022,1.848,2.2155981548130512
1.8482,2.1394463093020022,1.8482,2.2181795733049512
1.8484,2.1381556000560522,1.8484,2.2194702825509012
1.8486,2.1394463093020022,1.8486,2.2194702825509012
1.8488,2.1407370185479522,1.8488,2.2220517010428011
1.849,2.1446091462858021,1.849,2.2220517010428011
1.8492,2.1381556000560522,1.8492,2.2272145380266011
1.8494,2.1420277277939022,1.8494,2.2259238287806511
1.8496,2.1433184370398521,1.8496,2.2272145380266011
1.8498,2.1446091462858021,1.8498,2.2220517010428011
1.85,2.1420277277939022,1.85,2.229795956518501
1.8502,2.1458998555317521,1.8502,2.2246331195347011
1.8504,2.1458998555317521,1.8504,2.2272145380266011
1.8506,2.1471905647777021,1.8506,2.2259238287806511
1.8508,2.1471905647777021,1.8508,2.2285052472725511
1.851,2.1497719832696021,1.851,2.2272145380266011
1.8512,2.1484812740236521,1.8512,2.229795956518501
1.8514,2.1446091462858021,1.8514,2.229795956518501
1.8516,2.1497719832696021,1.8516,2.2285052472725511
1.8518,2.1471905647777021,1.8518,2.2272145380266011
1.852,2.1458998555317521,1.852,2.229795956518501
1.8522,2.1497719832696021,1.8522,2.2285052472725511
1.8524,2.1458998555317521,1.8524,2.2220517010428011
1.8526,2.1433184370398521,1.8526,2.2207609917968512
1.8528,2.1446091462858021,1.8528,2.2220517010428011
1.853,2.1433184370398521,1.853,2.2168888640590012
1.8532,2.1446091462858021,1.8532,2.2181795733049512
1.8534,2.1407370185479522,1.8534,2.2168888640590012
1.8536,2.1381556000560522,1.8536,2.2168888640590012
1.8538,2.1420277277939022,1.8538,2.2207609917968512
1.854,2.1394463093020022,1.854,2.2194702825509012
1.8542,2.1368648908101022,1.8542,2.2155981548130512
1.8544,2.1368648908101022,1.8544,2.2155981548130512
1.8546,2.1355741815641522,1.8546,2.2130167363211513
1.8548,2.1355741815641522,1.8548,2.2143074455671012
1.855,2.1304113445803523,1.855,2.2143074455671012
1.8552,2.1317020538263023,1.8552,2.2104353178292513
1.8554,2.1317020538263023,1.8554,2.2039817715995014
1.8556,2.1265392168425024,1.8556,2.2065631900914013
1.8558,2.1213763798587024,1.8558,2.2014003531076014
1.856,2.1291206353344023,1.856,2.2001096438616514
1.8562,2.1239577983506024,1.8562,2.1962375161238015
1.8564,2.1200856706127524,1.8564,2.2001096438616514
1.8566,2.1175042521208525,1.8566,2.1962375161238015
1.8568,2.1187949613668025,1.8568,2.1975282253697515
1.857,2.1175042521208525,1.857,2.1975282253697515
1.8572,2.1149228336289525,1.8572,2.1910746791400015
1.8574,2.1123414151370525,1.8574,2.1949468068778515
1.8576,2.1162135428749025,1.8576,2.1936560976319015
1.8578,2.1136321243830025,1.8578,2.1897839698940516
1.858,2.1097599966451526,1.858,2.1859118421562016
1.8582,2.1071785781532526,1.8582,2.1884932606481016
1.8584,2.1084692873992026,1.8584,2.1846211329102516
1.8586,2.1084692873992026,1.8586,2.1794582959264517
1.8588,2.1020157411694527,1.8588,2.1846211329102516
1.859,2.1045971596613526,1.859,2.1820397144183517
1.8592,2.1007250319235027,1.8592,2.1846211329102516
1.8594,2.1071785781532526,1.8594,2.1820397144183517
1.8596,2.1071785781532526,1.8596,2.1807490051724017
1.8598,2.1045971596613526,1.8598,2.1833304236643016
1.86,2.1020157411694527,1.86,2.1833304236643016
1.8602,2.1058878689073026,1.8602,2.1807490051724017
1.8604,2.1033064504154027,1.8604,2.1859118421562016
1.8606,2.0968529041856527,1.8606,2.1807490051724017
1.8608,2.0968529041856527,1.8608,2.1794582959264517
1.861,2.1071785781532526,1.861,2.1859118421562016
1.8612,2.1020157411694527,1.8612,2.1807490051724017
1.8614,2.0994343226775527,1.8614,2.1833304236643016
1.8616,2.1020157411694527,1.8616,2.1807490051724017
1.8618,2.0981436134316027,1.8618,2.1781675866805017
1.862,2.1007250319235027,1.862,2.1833304236643016
1.8622,2.1020157411694527,1.8622,2.1833304236643016
1.8624,2.1007250319235027,1.8624,2.1846211329102516
1.8626,2.1045971596613526,1.8626,2.1807490051724017
1.8628,2.1020157411694527,1.8628,2.1833304236643016
1.863,2.1123414151370525,1.863,2.1884932606481016
1.8632,2.1071785781532526,1.8632,2.1884932606481016
1.8634,2.1110507058911026,1.8634,2.1897839698940516
1.8636,2.1084692873992026,1.8636,2.1910746791400015
1.8638,2.1110507058911026,1.8638,2.1910746791400015
1.864,2.1097599966451526,1.864,2.1923653883859515
1.8642,2.1149228336289525,1.8642,2.1910746791400015
1.8644,2.1097599966451526,1.8644,2.1923653883859515
1.8646,2.1123414151370525,1.8646,2.1872025514021516
1.8648,2.1123414151370525,1.8648,2.1962375161238015
1.865,2.1162135428749025,1.865,2.1936560976319015
1.8652,2.1149228336289525,1.8652,2.1975282253697515
1.8654,2.1187949613668025,1.8654,2.2001096438616514
1.8656,2.1226670891046524,1.8656,2.2001096438616514
1.8658,2.1213763798587024,1.8658,2.2078538993373513
1.866,2.1239577983506024,1.866,2.2065631900914013
1.8662,2.1252485075965524,1.8662,2.2065631900914013
1.8664,2.1278299260884523,1.8664,2.2104353178292513
1.8666,2.1239577983506024,1.8666,2.2039817715995014
1.8668,2.1329927630722523,1.8668,2.2052724808454514
1.867,2.1342834723182023,1.867,2.2130167363211513
1.8672,2.1329927630722523,1.8672,2.2104353178292513
1.8674,2.1317020538263023,1.8674,2.2181795733049512
1.8676,2.1381556000560522,1.8676,2.2220517010428011
1.8678,2.1368648908101022,1.8678,2.2233424102887511
1.868,2.1368648908101022,1.868,2.2181795733049512
1.8682,2.1368648908101022,1.8682,2.2130167363211513
1.8684,2.1381556000560522,1.8684,2.2207609917968512
1.8686,2.1394463093020022,1.8686,2.2233424102887511
1.8688,2.1458998555317521,1.8688,2.2259238287806511
1.869,2.1420277277939022,1.869,2.2220517010428011
1.8692,2.1484812740236521,1.8692,2.2220517010428011
1.8694,2.1433184370398521,1.8694,2.2233424102887511
1.8696,2.1433184370398521,1.8696,2.2285052472725511
1.8698,2.1433184370398521,1.8698,2.2233424102887511
1.87,2.1471905647777021,1.87,2.2285052472725511
1.8702,2.1446091462858021,1.8702,2.2233424102887511
1.8704,2.1458998555317521,1.8704,2.2259238287806511
1.8706,2.1497719832696021,1.8706,2.233668084256351
1.8708,2.1433184370398521,1.8708,2.2285052472725511
1.871,2.1471905647777021,1.871,2.2285052472725511
1.8712,2.1420277277939022,1.8712,2.2246331195347011
1.8714,2.1484812740236521,1.8714,2.229795956518501
1.8716,2.1471905647777021,1.8716,2.2246331195347011
1.8718,2.1471905647777021,1.8718,2.229795956518501
1.872,2.1497719832696021,1.872,2.2272145380266011
1.8722,2.1446091462858021,1.8722,2.2259238287806511
1.8724,2.1497719832696021,1.8724,2.2259238287806511
1.8726,2.1381556000560522,1.8726,2.2233424102887511
1.8728,2.1497719832696021,1.8728,2.2194702825509012
1.873,2.1433184370398521,1.873,2.2207609917968512
1.8732,2.1433184370398521,1.8732,2.2194702825509012
1.8734,2.1394463093020022,1.8734,2.2207609917968512
1.8736,2.1394463093020022,1.8736,2.2143074455671012
1.8738,2.1381556000560522,1.8738,2.2168888640590012
1.874,2.1407370185479522,1.874,2.2181795733049512
1.8742,2.1355741815641522,1.8742,2.2130167363211513
1.8744,2.1329927630722523,1.8744,2.2207609917968512
1.8746,2.1342834723182023,1.8746,2.2117260270752013
1.8748,2.1329927630722523,1.8748,2.2143074455671012
1.875,2.1342834723182023,1.875,2.2130167363211513
1.8752,2.1317020538263023,1.8752,2.2091446085833013
1.8754,2.1329927630722523,1.8754,2.2091446085833013
1.8756,2.1278299260884523,1.8756,2.2091446085833013
1.8758,2.1200856706127524,1.8758,2.2052724808454514
1.876,2.1239577983506024,1.876,2.2052724808454514
1.8762,2.1213763798587024,1.8762,2.2014003531076014
1.8764,2.1200856706127524,1.8764,2.2001096438616514
1.8766,2.1200856706127524,1.8766,2.1936560976319015
1.8768,2.1162135428749025,1.8768,2.1988189346157014
1.877,2.1162135428749025,1.877,2.1936560976319015
1.8772,2.1097599966451526,1.8772,2.1949468068778515
1.8774,2.1110507058911026,1.8774,2.1897839698940516
1.8776,2.1110507058911026,1.8776,2.1910746791400015
1.8778,2.1123414151370525,1.8778,2.1910746791400015
1.878,2.1071785781532526,1.878,2.1846211329102516
1.8782,2.1084692873992026,1.8782,2.1910746791400015
1.8784,2.1084692873992026,1.8784,2.1846211329102516
1.8786,2.1071785781532526,1.8786,2.1846211329102516
1.8788,2.1071785781532526,1.8788,2.1897839698940516
1.879,2.1020157411694527,1.879,2.1846211329102516
1.8792,2.1033064504154027,1.8792,2.1846211329102516
1.8794,2.1071785781532526,1.8794,2.1833304236643016
1.8796,2.1007250319235027,1.8796,2.1807490051724017
1.8798,2.1033064504154027,1.8798,2.1820397144183517
1.88,2.1045971596613526,1.88,2.1781675866805017
1.8802,2.1007250319235027,1.8802,2.1794582959264517
1.8804,2.1007250319235027,1.8804,2.1820397144183517
1.8806,2.0968529041856527,1.8806,2.1807490051724017
1.8808,2.1045971596613526,1.8808,2.1807490051724017
1.881,2.1033064504154027,1.881,2.1794582959264517
1.8812,2.1020157411694527,1.8812,2.1768768774345517
1.8814,2.1007250319235027,1.8814,2.1768768774345517
1.8816,2.0994343226775527,1.8816,2.1820397144183517
1.8818,2.0981436134316027,1.8818,2.1807490051724017
1.882,2.0994343226775527,1.882,2.1781675866805017
1.8822,2.1007250319235027,1.8822,2.1794582959264517
1.8824,2.1020157411694527,1.8824,2.1872025514021516
1.8826,2.0994343226775527,1.8826,2.1859118421562016
1.8828,2.1084692873992026,1.8828,2.1820397144183517
1.883,2.1071785781532526,1.883,2.1872025514021516
1.8832,2.1071785781532526,1.8832,2.1820397144183517
1.8834,2.1084692873992026,1.8834,2.1833304236643016
1.8836,2.1033064504154027,1.8836,2.1859118421562016
1.8838,2.1084692873992026,1.8838,2.1872025514021516
1.884,2.1084692873992026,1.884,2.1923653883859515
1.8842,2.1084692873992026,1.8842,2.1923653883859515
1.8844,2.1149228336289525,1.8844,2.1897839698940516
1.8846,2.1123414151370525,1.8846,2.1936560976319015
1.8848,2.1097599966451526,1.8848,2.1923653883859515
1.885,2.1123414151370525,1.885,2.1936560976319015
1.8852,2.1162135428749025,1.8852,2.1975282253697515
1.8854,2.1175042521208525,1.8854,2.2014003531076014
1.8856,2.1239577983506024,1.8856,2.2001096438616514
1.8858,2.1239577983506024,1.8858,2.2039817715995014
1.886,2.1252485075965524,1.886,2.1975282253697515
1.8862,2.1239577983506024,1.8862,2.2014003531076014
1.8864,2.1239577983506024,1.8864,2.2078538993373513
1.8866,2.1278299260884523,1.8866,2.2091446085833013
1.8868,2.1278299260884523,1.8868,2.2104353178292513
1.887,2.1304113445803523,1.887,2.2143074455671012
1.8872,2.1329927630722523,1.8872,2.2143074455671012
1.8874,2.1329927630722523,1.8874,2.2207609917968512
1.8876,2.1329927630722523,1.8876,2.2155981548130512
1.8878,2.1381556000560522,1.8878,2.2155981548130512
1.888,2.1342834723182023,1.888,2.2181795733049512
1.8882,2.1381556000560522,1.8882,2.2194702825509012
1.8884,2.1368648908101022,1.8884,2.2181795733049512
1.8886,2.1394463093020022,1.8886,2.2233424102887511
1.8888,2.1394463093020022,1.8888,2.2233424102887511
1.889,2.1458998555317521,1.889,2.2272145380266011
1.8892,2.1484812740236521,1.8892,2.2233424102887511
1.8894,2.1420277277939022,1.8894,2.2246331195347011
1.8896,2.1446091462858021,1.8896,2.2246331195347011
1.8898,2.1446091462858021,1.8898,2.232377375010401
1.89,2.1446091462858021,1.89,2.229795956518501
1.8902,2.1458998555317521,1.8902,2.229795956518501
1.8904,2.1471905647777021,1.8904,2.2272145380266011
1.8906,2.1458998555317521,1.8906,2.2272145380266011
1.8908,2.1446091462858021,1.8908,2.2272145380266011
1.891,2.1471905647777021,1.891,2.233668084256351
1.8912,2.1420277277939022,1.8912,2.2233424102887511
1.8914,2.1484812740236521,1.8914,2.2233424102887511
1.8916,2.1446091462858021,1.8916,2.231086665764451
1.8918,2.1471905647777021,1.8918,2.2285052472725511
1.892,2.1471905647777021,1.892,2.231086665764451
1.8922,2.1433184370398521,1.8922,2.2220517010428011
1.8924,2.1407370185479522,1.8924,2.232377375010401
1.8926,2.1407370185479522,1.8926,2.2220517010428011
1.8928,2.1407370185479522,1.8928,2.2220517010428011
1.893,2.1394463093020022,1.893,2.2207609917968512
1.8932,2.1394463093020022,1.8932,2.2233424102887511
1.8934,2.1446091462858021,1.8934,2.2233424102887511
1.8936,2.1381556000560522,1.8936,2.2181795733049512
1.8938,2.1407370185479522,1.8938,2.2168888640590012
1.894,2.1355741815641522,1.894,2.2181795733049512
1.8942,2.1355741815641522,1.8942,2.2168888640590012
1.8944,2.1342834723182023,1.8944,2.2143074455671012
1.8946,2.1329927630722523,1.8946,2.2130167363211513
1.8948,2.1304113445803523,1.8948,2.2091446085833013
1.895,2.1342834723182023,1.895,2.2168888640590012
1.8952,2.1304113445803523,1.8952,2.2052724808454514
1.8954,2.1278299260884523,1.8954,2.2078538993373513
1.8956,2.1252485075965524,1.8956,2.2052724808454514
1.8958,2.1239577983506024,1.8958,2.2026910623535514
1.896,2.1265392168425024,1.896,2.2039817715995014
1.8962,2.1239577983506024,1.8962,2.2039817715995014
1.8964,2.1200856706127524,1.8964,2.1988189346157014
1.8966,2.1175042521208525,1.8966,2.1949468068778515
1.8968,2.1187949613668025,1.8968,2.1962375161238015
1.897,2.1187949613668025,1.897,2.1988189346157014
1.8972,2.1149228336289525,1.8972,2.1949468068778515
1.8974,2.1149228336289525,1.8974,2.1962375161238015
1.8976,2.1123414151370525,1.8976,2.1936560976319015
1.8978,2.1123414151370525,1.8978,2.1897839698940516
1.898,2.1123414151370525,1.898,2.1872025514021516
1.8982,2.1071785781532526,1.8982,2.1910746791400015
1.8984,2.1071785781532526,1.8984,2.1884932606481016
1.8986,2.1110507058911026,1.8986,2.1846211329102516
1.8988,2.1084692873992026,1.8988,2.1872025514021516
1.899,2.1084692873992026,1.899,2.1859118421562016
1.8992,2.1058878689073026,1.8992,2.1833304236643016
1.8994,2.0994343226775527,1.8994,2.1884932606481016
1.8996,2.1058878689073026,1.8996,2.1833304236643016
1.8998,2.1071785781532526,1.8998,2.1859118421562016
1.9,2.1020157411694527,1.9,2.1846211329102516
1.9002,2.1020157411694527,1.9002,2.1807490051724017
1.9004,2.1045971596613526,1.9004,2.1833304236643016
1.9006,2.1020157411694527,1.9006,2.1820397144183517
1.9008,2.0981436134316027,1.9008,2.1846211329102516
1.901,2.0968529041856527,1.901,2.1807490051724017
1.9012,2.1058878689073026,1.9012,2.1833304236643016
1.9014,2.1007250319235027,1.9014,2.1781675866805017
1.9016,2.0968529041856527,1.9016,2.1742954589426517
1.9018,2.1007250319235027,1.9018,2.1820397144183517
1.902,2.1033064504154027,1.902,2.1781675866805017
1.9022,2.1033064504154027,1.9022,2.1859118421562016
1.9024,2.1058878689073026,1.9024,2.1859118421562016
1.9026,2.1058878689073026,1.9026,2.1988189346157014
1.9028,2.1045971596613526,1.9028,2.1859118421562016
1.903,2.1097599966451526,1.903,2.1872025514021516
1.9032,2.1097599966451526,1.9032,2.1884932606481016
1.9034,2.1045971596613526,1.9034,2.1884932606481016
1.9036,2.1097599966451526,1.9036,2.1897839698940516
1.9038,2.1097599966451526,1.9038,2.1949468068778515
1.904,2.1097599966451526,1.904,2.1936560976319015
1.9042,2.1149228336289525,1.9042,2.1884932606481016
1.9044,2.1123414151370525,1.9044,2.1975282253697515
1.9046,2.1175042521208525,1.9046,2.1962375161238015
1.9048,2.1175042521208525,1.9048,2.1962375161238015
1.905,2.1123414151370525,1.905,2.1936560976319015
1.9052,2.1136321243830025,1.9052,2.2001096438616514
1.9054,2.1162135428749025,1.9054,2.2014003531076014
1.9056,2.1175042521208525,1.9056,2.2052724808454514
1.9058,2.1265392168425024,1.9058,2.2026910623535514
1.906,2.1265392168425024,1.906,2.2026910623535514
1.9062,2.1278299260884523,1.9062,2.2091446085833013
1.9064,2.1239577983506024,1.9064,2.2078538993373513
1.9066,2.1291206353344023,1.9066,2.2104353178292513
1.9068,2.1342834723182023,1.9068,2.2143074455671012
1.907,2.1368648908101022,1.907,2.2117260270752013
1.9072,2.1317020538263023,1.9072,2.2143074455671012
1.9074,2.1317020538263023,1.9074,2.2194702825509012
1.9076,2.1342834723182023,1.9076,2.2168888640590012
1.9078,2.1394463093020022,1.9078,2.2207609917968512
1.908,2.1407370185479522,1.908,2.2181795733049512
1.9082,2.1420277277939022,1.9082,2.2181795733049512
1.9084,2.1394463093020022,1.9084,2.2194702825509012
1.9086,2.1381556000560522,1.9086,2.2207609917968512
1.9088,2.1446091462858021,1.9088,2.2246331195347011
1.909,2.1433184370398521,1.909,2.2207609917968512
1.9092,2.1446091462858021,1.9092,2.2207609917968512
1.9094,2.1394463093020022,1.9094,2.2285052472725511
1.9096,2.1458998555317521,1.9096,2.2259238287806511
1.9098,2.1433184370398521,1.9098,2.2259238287806511
1.91,2.1433184370398521,1.91,2.2246331195347011
1.9102,2.1433184370398521,1.9102,2.2259238287806511
1.9104,2.151062692515552,1.9104,2.2259238287806511
1.9106,2.1471905647777021,1.9106,2.231086665764451
1.9108,2.1484812740236521,1.9108,2.229795956518501
1.911,2.151062692515552,1.911,2.2259238287806511
1.9112,2.1497719832696021,1.9112,2.2259238287806511
1.9114,2.151062692515552,1.9114,2.2246331195347011
1.9116,2.1446091462858021,1.9116,2.2272145380266011
1.9118,2.1497719832696021,1.9118,2.2285052472725511
1.912,2.1497719832696021,1.912,2.2207609917968512
1.9122,2.1446091462858021,1.9122,2.2259238287806511
1.9124,2.1471905647777021,1.9124,2.2246331195347011
1.9126,2.1420277277939022,1.9126,2.2220517010428011
1.9128,2.1471905647777021,1.9128,2.2194702825509012
1.913,2.1381556000560522,1.913,2.2246331195347011
1.9132,2.1394463093020022,1.9132,2.2207609917968512
1.9134,2.1381556000560522,1.9134,2.2181795733049512
1.9136,2.1407370185479522,1.9136,2.2220517010428011
1.9138,2.1368648908101022,1.9138,2.2233424102887511
1.914,2.1329927630722523,1.914,2.2207609917968512
1.9142,2.1381556000560522,1.9142,2.2233424102887511
1.9144,2.1381556000560522,1.9144,2.2181795733049512
1.9146,2.1317020538263023,1.9146,2.2143074455671012
1.9148,2.1342834723182023,1.9148,2.2104353178292513
1.915,2.1342834723182023,1.915,2.2143074455671012
1.9152,2.1329927630722523,1.9152,2.2117260270752013
1.9154,2.1304113445803523,1.9154,2.2091446085833013
1.9156,2.1317020538263023,1.9156,2.2052724808454514
1.9158,2.1278299260884523,1.9158,2.2039817715995014
1.916,2.1239577983506024,1.916,2.1988189346157014
1.9162,2.1239577983506024,1.9162,2.1988189346157014
1.9164,2.1239577983506024,1.9164,2.2026910623535514
1.9166,2.1213763798587024,1.9166,2.1936560976319015
1.9168,2.1162135428749025,1.9168,2.2001096438616514
1.917,2.1123414151370525,1.917,2.1975282253697515
1.9172,2.1123414151370525,1.9172,2.1975282253697515
1.9174,2.1162135428749025,1.9174,2.1975282253697515
1.9176,2.1175042521208525,1.9176,2.1872025514021516
1.9178,2.1175042521208525,1.9178,2.1859118421562016
1.918,2.1110507058911026,1.918,2.1872025514021516
1.9182,2.1136321243830025,1.9182,2.1872025514021516
1.9184,2.1123414151370525,1.9184,2.1846211329102516
1.9186,2.1084692873992026,1.9186,2.1897839698940516
1.9188,2.1110507058911026,1.9188,2.1794582959264517
1.919,2.1071785781532526,1.919,2.1833304236643016
1.9192,2.1084692873992026,1.9192,2.1833304236643016
1.9194,2.1071785781532526,1.9194,2.1807490051724017
1.9196,2.1020157411694527,1.9196,2.1872025514021516
1.9198,2.1020157411694527,1.9198,2.1846211329102516
1.92,2.1020157411694527,1.92,2.1820397144183517
1.9202,2.1033064504154027,1.9202,2.1820397144183517
1.9204,2.1045971596613526,1.9204,2.1794582959264517
1.9206,2.1045971596613526,1.9206,2.1833304236643016
1.9208,2.1033064504154027,1.9208,2.1833304236643016
1.921,2.1007250319235027,1.921,2.1820397144183517
1.9212,2.1007250319235027,1.9212,2.1768768774345517
1.9214,2.1058878689073026,1.9214,2.1846211329102516
1.9216,2.1007250319235027,1.9216,2.1820397144183517
1.9218,2.0981436134316027,1.9218,2.1807490051724017
1.922,2.1058878689073026,1.922,2.1794582959264517
1.9222,2.1007250319235027,1.9222,2.1833304236643016
1.9224,2.1020157411694527,1.9224,2.1807490051724017
1.9226,2.1084692873992026,1.9226,2.1846211329102516
1.9228,2.1007250319235027,1.9228,2.1833304236643016
1.923,2.1058878689073026,1.923,2.1884932606481016
1.9232,2.1071785781532526,1.9232,2.1859118421562016
1.9234,2.1058878689073026,1.9234,2.1884932606481016
1.9236,2.1033064504154027,1.9236,2.1846211329102516
1.9238,2.1136321243830025,1.9238,2.1872025514021516
1.924,2.1084692873992026,1.924,2.1897839698940516
1.9242,2.1123414151370525,1.9242,2.1936560976319015
1.9244,2.1149228336289525,1.9244,2.1936560976319015
1.9246,2.1136321243830025,1.9246,2.1936560976319015
1.9248,2.1136321243830025,1.9248,2.1962375161238015
1.925,2.1149228336289525,1.925,2.1923653883859515
1.9252,2.1175042521208525,1.9252,2.1949468068778515
1.9254,2.1200856706127524,1.9254,2.1962375161238015
1.9256,2.1226670891046524,1.9256,2.2001096438616514
1.9258,2.1239577983506024,1.9258,2.2052724808454514
1.926,2.1239577983506024,1.926,2.2065631900914013
1.9262,2.1239577983506024,1.9262,2.2052724808454514
1.9264,2.1278299260884523,1.9264,2.2117260270752013
1.9266,2.1355741815641522,1.9266,2.2026910623535514
1.9268,2.1291206353344023,1.9268,2.2130167363211513
1.927,2.1342834723182023,1.927,2.2168888640590012
1.9272,2.1304113445803523,1.9272,2.2155981548130512
1.9274,2.1355741815641522,1.9274,2.2143074455671012
1.9276,2.1355741815641522,1.9276,2.2130167363211513
1.9278,2.1394463093020022,1.9278,2.2194702825509012
1.928,2.1342834723182023,1.928,2.2259238287806511
1.9282,2.1381556000560522,1.9282,2.2194702825509012
1.9284,2.1368648908101022,1.9284,2.2194702825509012
1.9286,2.1433184370398521,1.9286,2.2220517010428011
1.9288,2.1394463093020022,1.9288,2.2207609917968512
1.929,2.1420277277939022,1.929,2.2194702825509012
1.9292,2.1420277277939022,1.9292,2.2259238287806511
1.9294,2.1458998555317521,1.9294,2.2207609917968512
1.9296,2.1433184370398521,1.9296,2.229795956518501
1.9298,2.1407370185479522,1.9298,2.2246331195347011
1.93,2.1433184370398521,1.93,2.2246331195347011
1.9302,2.151062692515552,1.9302,2.2233424102887511
1.9304,2.1484812740236521,1.9304,2.2246331195347011
1.9306,2.1458998555317521,1.9306,2.231086665764451
1.9308,2.1407370185479522,1.9308,2.2233424102887511
1.931,2.1458998555317521,1.931,2.231086665764451
1.9312,2.1433184370398521,1.9312,2.2246331195347011
1.9314,2.1471905647777021,1.9314,2.2233424102887511
1.9316,2.1471905647777021,1.9316,2.2246331195347011
1.9318,2.1497719832696021,1.9318,2.2259238287806511
1.932,2.1433184370398521,1.932,2.2259238287806511
1.9322,2.1458998555317521,1.9322,2.229795956518501
1.9324,2.1471905647777021,1.9324,2.2207609917968512
1.9326,2.1420277277939022,1.9326,2.2220517010428011
1.9328,2.1458998555317521,1.9328,2.2220517010428011
1.933,2.1446091462858021,1.933,2.2207609917968512
1.9332,2.1381556000560522,1.9332,2.2181795733049512
1.9334,2.1420277277939022,1.9334,2.2168888640590012
1.9336,2.1394463093020022,1.9336,2.2168888640590012
1.9338,2.1368648908101022,1.9338,2.2168888640590012
1.934,2.1394463093020022,1.934,2.2194702825509012
1.9342,2.1355741815641522,1.9342,2.2246331195347011
1.9344,2.1394463093020022,1.9344,2.2117260270752013
1.9346,2.1368648908101022,1.9346,2.2130167363211513
1.9348,2.1355741815641522,1.9348,2.2104353178292513
1.935,2.1329927630722523,1.935,2.2143074455671012
1.9352,2.1342834723182023,1.9352,2.2104353178292513
1.9354,2.1265392168425024,1.9354,2.2130167363211513
1.9356,2.1304113445803523,1.9356,2.2052724808454514
1.9358,2.1291206353344023,1.9358,2.2091446085833013
1.936,2.1304113445803523,1.936,2.2052724808454514
1.9362,2.1252485075965524,1.9362,2.2001096438616514
1.9364,2.1200856706127524,1.9364,2.2001096438616514
1.9366,2.1213763798587024,1.9366,2.1988189346157014
1.9368,2.1162135428749025,1.9368,2.1962375161238015
1.937,2.1162135428749025,1.937,2.1936560976319015
1.9372,2.1149228336289525,1.9372,2.1988189346157014
1.9374,2.1149228336289525,1.9374,2.1975282253697515
1.9376,2.1200856706127524,1.9376,2.1884932606481016
1.9378,2.1123414151370525,1.9378,2.1884932606481016
1.938,2.1045971596613526,1.938,2.1884932606481016
1.9382,2.1110507058911026,1.9382,2.1884932606481016
1.9384,2.1084692873992026,1.9384,2.1949468068778515
1.9386,2.1110507058911026,1.9386,2.1872025514021516
1.9388,2.1058878689073026,1.9388,2.1846211329102516
1.939,2.1097599966451526,1.939,2.1910746791400015
1.9392,2.1045971596613526,1.9392,2.1846211329102516
1.9394,2.1058878689073026,1.9394,2.1846211329102516
1.9396,2.1020157411694527,1.9396,2.1859118421562016
1.9398,2.1045971596613526,1.9398,2.1833304236643016
1.94,2.1007250319235027,1.94,2.1910746791400015
1.9402,2.1020157411694527,1.9402,2.1833304236643016
1.9404,2.1045971596613526,1.9404,2.1807490051724017
1.9406,2.1058878689073026,1.9406,2.1807490051724017
1.9408,2.1007250319235027,1.9408,2.1820397144183517
1.941,2.0994343226775527,1.941,2.1820397144183517
1.9412,2.0994343226775527,1.9412,2.1807490051724017
1.9414,2.0994343226775527,1.9414,2.1807490051724017
1.9416,2.0994343226775527,1.9416,2.1833304236643016
1.9418,2.1020157411694527,1.9418,2.1833304236643016
1.942,2.0994343226775527,1.942,2.1884932606481016
1.9422,2.1020157411694527,1.9422,2.1781675866805017
1.9424,2.1045971596613526,1.9424,2.1820397144183517
1.9426,2.1020157411694527,1.9426,2.1820397144183517
1.9428,2.1071785781532526,1.9428,2.1872025514021516
1.943,2.1071785781532526,1.943,2.1897839698940516
1.9432,2.1071785781532526,1.9432,2.1910746791400015
1.9434,2.1097599966451526,1.9434,2.1884932606481016
1.9436,2.1162135428749025,1.9436,2.1872025514021516
1.9438,2.1110507058911026,1.9438,2.1846211329102516
1.944,2.1110507058911026,1.944,2.1884932606481016
1.9442,2.1136321243830025,1.9442,2.1949468068778515
1.9444,2.1136321243830025,1.9444,2.1910746791400015
1.9446,2.1149228336289525,1.9446,2.1962375161238015
1.9448,2.1123414151370525,1.9448,2.1949468068778515
1.945,2.1200856706127524,1.945,2.1910746791400015
1.9452,2.1123414151370525,1.9452,2.1910746791400015
1.9454,2.1149228336289525,1.9454,2.2014003531076014
1.9456,2.1226670891046524,1.9456,2.2065631900914013
1.9458,2.1291206353344023,1.9458,2.2065631900914013
1.946,2.1278299260884523,1.946,2.2065631900914013
1.9462,2.1317020538263023,1.9462,2.2065631900914013
1.9464,2.1291206353344023,1.9464,2.2065631900914013
1.9466,2.1291206353344023,1.9466,2.2052724808454514
1.9468,2.1329927630722523,1.9468,2.2065631900914013
1.947,2.1355741815641522,1.947,2.2181795733049512
1.9472,2.1342834723182023,1.9472,2.2194702825509012
1.9474,2.1329927630722523,1.9474,2.2143074455671012
1.9476,2.1368648908101022,1.9476,2.2130167363211513
1.9478,2.1394463093020022,1.9478,2.2168888640590012
1.948,2.1368648908101022,1.948,2.2220517010428011
1.9482,2.1420277277939022,1.9482,2.2246331195347011
1.9484,2.1420277277939022,1.9484,2.2155981548130512
1.9486,2.1420277277939022,1.9486,2.2246331195347011
1.9488,2.1458998555317521,1.9488,2.2207609917968512
1.949,2.1446091462858021,1.949,2.229795956518501
1.9492,2.1433184370398521,1.9492,2.2233424102887511
1.9494,2.1471905647777021,1.9494,2.2220517010428011
1.9496,2.1458998555317521,1.9496,2.2259238287806511
1.9498,2.1458998555317521,1.9498,2.2259238287806511
1.95,2.1497719832696021,1.95,2.2259238287806511
1.9502,2.1484812740236521,1.9502,2.2285052472725511
1.9504,2.1484812740236521,1.9504,2.229795956518501
1.9506,2.1471905647777021,1.9506,2.2272145380266011
1.9508,2.1497719832696021,1.9508,2.2259238287806511
1.951,2.151062692515552,1.951,2.229795956518501
1.9512,2.1484812740236521,1.9512,2.2272145380266011
1.9514,2.1497719832696021,1.9514,2.2246331195347011
1.9516,2.1433184370398521,1.9516,2.229795956518501
1.9518,2.1471905647777021,1.9518,2.2272145380266011
1.952,2.152353401761502,1.952,2.2259238287806511
1.9522,2.1471905647777021,1.9522,2.229795956518501
1.9524,2.1471905647777021,1.9524,2.2220517010428011
1.9526,2.1433184370398521,1.9526,2.2246331195347011
1.9528,2.1458998555317521,1.9528,2.2207609917968512
1.953,2.1433184370398521,1.953,2.2194702825509012
1.9532,2.1394463093020022,1.9532,2.2194702825509012
1.9534,2.1471905647777021,1.9534,2.2194702825509012
1.9536,2.1420277277939022,1.9536,2.2168888640590012
1.9538,2.1381556000560522,1.9538,2.2181795733049512
1.954,2.1420277277939022,1.954,2.2168888640590012
1.9542,2.1368648908101022,1.9542,2.2181795733049512
1.9544,2.1355741815641522,1.9544,2.2130167363211513
1.9546,2.1381556000560522,1.9546,2.2259238287806511
1.9548,2.1329927630722523,1.9548,2.2181795733049512
1.955,2.1317020538263023,1.955,2.2155981548130512
1.9552,2.1381556000560522,1.9552,2.2117260270752013
1.9554,2.1265392168425024,1.9554,2.2014003531076014
1.9556,2.1291206353344023,1.9556,2.2026910623535514
1.9558,2.1265392168425024,1.9558,2.2001096438616514
1.956,2.1187949613668025,1.956,2.2052724808454514
1.9562,2.1226670891046524,1.9562,2.1975282253697515
1.9564,2.1252485075965524,1.9564,2.2052724808454514
1.9566,2.1213763798587024,1.9566,2.2014003531076014
1.9568,2.1187949613668025,1.9568,2.1962375161238015
1.957,2.1175042521208525,1.957,2.1949468068778515
1.9572,2.1136321243830025,1.9572,2.1936560976319015
1.9574,2.1123414151370525,1.9574,2.1975282253697515
1.9576,2.1136321243830025,1.9576,2.1910746791400015
1.9578,2.1136321243830025,1.9578,2.1884932606481016
1.958,2.1149228336289525,1.958,2.1897839698940516
1.9582,2.1123414151370525,1.9582,2.1923653883859515
1.9584,2.1084692873992026,1.9584,2.1884932606481016
1.9586,2.1110507058911026,1.9586,2.1859118421562016
1.9588,2.1084692873992026,1.9588,2.1859118421562016
1.959,2.1071785781532526,1.959,2.1807490051724017
1.9592,2.1033064504154027,1.9592,2.1820397144183517
1.9594,2.1058878689073026,1.9594,2.1820397144183517
1.9596,2.1071785781532526,1.9596,2.1833304236643016
1.9598,2.1033064504154027,1.9598,2.1833304236643016
1.96,2.1033064504154027,1.96,2.1833304236643016
1.9602,2.1058878689073026,1.9602,2.1833304236643016
1.9604,2.1033064504154027,1.9604,2.1807490051724017
1.9606,2.1007250319235027,1.9606,2.1794582959264517
1.9608,2.1045971596613526,1.9608,2.1820397144183517
1.961,2.1020157411694527,1.961,2.1846211329102516
1.9612,2.1007250319235027,1.9612,2.1794582959264517
1.9614,2.1020157411694527,1.9614,2.1820397144183517
1.9616,2.1033064504154027,1.9616,2.1768768774345517
1.9618,2.0994343226775527,1.9618,2.1833304236643016
1.962,2.0981436134316027,1.962,2.1859118421562016
1.9622,2.1033064504154027,1.9622,2.1807490051724017
1.9624,2.1071785781532526,1.9624,2.1872025514021516
1.9626,2.1084692873992026,1.9626,2.1846211329102516
1.9628,2.1084692873992026,1.9628,2.1833304236643016
1.963,2.1058878689073026,1.963,2.1859118421562016
1.9632,2.1033064504154027,1.9632,2.1949468068778515
1.9634,2.1084692873992026,1.9634,2.1936560976319015
1.9636,2.1110507058911026,1.9636,2.1923653883859515
1.9638,2.1097599966451526,1.9638,2.1872025514021516
1.964,2.1136321243830025,1.964,2.1884932606481016
1.9642,2.1084692873992026,1.9642,2.1949468068778515
1.9644,2.1123414151370525,1.9644,2.1936560976319015
1.9646,2.1123414151370525,1.9646,2.1884932606481016
1.9648,2.1162135428749025,1.9648,2.1988189346157014
1.965,2.1162135428749025,1.965,2.1962375161238015
1.9652,2.1162135428749025,1.9652,2.1949468068778515
1.9654,2.1187949613668025,1.9654,2.1988189346157014
1.9656,2.1187949613668025,1.9656,2.2039817715995014
1.9658,2.1200856706127524,1.9658,2.2026910623535514
1.966,2.1226670891046524,1.966,2.2065631900914013
1.9662,2.1226670891046524,1.9662,2.2078538993373513
1.9664,2.1226670891046524,1.9664,2.2078538993373513
1.9666,2.1304113445803523,1.9666,2.2104353178292513
1.9668,2.1291206353344023,1.9668,2.2091446085833013
1.967,2.1329927630722523,1.967,2.2168888640590012
1.9672,2.1368648908101022,1.9672,2.2155981548130512
1.9674,2.1342834723182023,1.9674,2.2155981548130512
1.9676,2.1317020538263023,1.9676,2.2194702825509012
1.9678,2.1381556000560522,1.9678,2.2181795733049512
1.968,2.1394463093020022,1.968,2.2194702825509012
1.9682,2.1342834723182023,1.9682,2.2233424102887511
1.9684,2.1407370185479522,1.9684,2.2194702825509012
1.9686,2.1394463093020022,1.9686,2.2207609917968512
1.9688,2.1407370185479522,1.9688,2.2220517010428011
1.969,2.1484812740236521,1.969,2.229795956518501
1.9692,2.1446091462858021,1.9692,2.2285052472725511
1.9694,2.1420277277939022,1.9694,2.2246331195347011
1.9696,2.1446091462858021,1.9696,2.2181795733049512
1.9698,2.1471905647777021,1.9698,2.2246331195347011
1.97,2.1484812740236521,1.97,2.2246331195347011
1.9702,2.1446091462858021,1.9702,2.231086665764451
1.9704,2.151062692515552,1.9704,2.2285052472725511
1.9706,2.1471905647777021,1.9706,2.232377375010401
1.9708,2.1484812740236521,1.9708,2.229795956518501
1.971,2.1471905647777021,1.971,2.2259238287806511
1.9712,2.1497719832696021,1.9712,2.231086665764451
1.9714,2.151062692515552,1.9714,2.2285052472725511
1.9716,2.1497719832696021,1.9716,2.2272145380266011
1.9718,2.1471905647777021,1.9718,2.2285052472725511
1.972,2.1497719832696021,1.972,2.2285052472725511
1.9722,2.1471905647777021,1.9722,2.2285052472725511
1.9724,2.1471905647777021,1.9724,2.2272145380266011
1.9726,2.1458998555317521,1.9726,2.2233424102887511
1.9728,2.1446091462858021,1.9728,2.2194702825509012
1.973,2.1433184370398521,1.973,2.2220517010428011
1.9732,2.1433184370398521,1.9732,2.2207609917968512
1.9734,2.1458998555317521,1.9734,2.2246331195347011
1.9736,2.1420277277939022,1.9736,2.2220517010428011
1.9738,2.1394463093020022,1.9738,2.2181795733049512
1.974,2.1355741815641522,1.974,2.2194702825509012
1.9742,2.1433184370398521,1.9742,2.2155981548130512
1.9744,2.1342834723182023,1.9744,2.2181795733049512
1.9746,2.1317020538263023,1.9746,2.2117260270752013
1.9748,2.1342834723182023,1.9748,2.2181795733049512
1.975,2.1342834723182023,1.975,2.2130167363211513
1.9752,2.1342834723182023,1.9752,2.2078538993373513
1.9754,2.1329927630722523,1.9754,2.2078538993373513
1.9756,2.1265392168425024,1.9756,2.2014003531076014
1.9758,2.1239577983506024,1.9758,2.2001096438616514
1.976,2.1291206353344023,1.976,2.2014003531076014
1.9762,2.1278299260884523,1.9762,2.2026910623535514
1.9764,2.1226670891046524,1.9764,2.2052724808454514
1.9766,2.1187949613668025,1.9766,2.1988189346157014
1.9768,2.1200856706127524,1.9768,2.1949468068778515
1.977,2.1213763798587024,1.977,2.1975282253697515
1.9772,2.1162135428749025,1.9772,2.1936560976319015
1.9774,2.1187949613668025,1.9774,2.1949468068778515
1.9776,2.1175042521208525,1.9776,2.1872025514021516
1.9778,2.1097599966451526,1.9778,2.1884932606481016
1.978,2.1110507058911026,1.978,2.1923653883859515
1.9782,2.1123414151370525,1.9782,2.1897839698940516
1.9784,2.1071785781532526,1.9784,2.1923653883859515
1.9786,2.1097599966451526,1.9786,2.1820397144183517
1.9788,2.1084692873992026,1.9788,2.1859118421562016
1.979,2.1058878689073026,1.979,2.1833304236643016
1.9792,2.1084692873992026,1.9792,2.1872025514021516
1.9794,2.1071785781532526,1.9794,2.1833304236643016
1.9796,2.1071785781532526,1.9796,2.1833304236643016
1.9798,2.1045971596613526,1.9798,2.1872025514021516
1.98,2.1020157411694527,1.98,2.1872025514021516
1.9802,2.1045971596613526,1.9802,2.1833304236643016
1.9804,2.1020157411694527,1.9804,2.1820397144183517
1.9806,2.1033064504154027,1.9806,2.1794582959264517
1.9808,2.1007250319235027,1.9808,2.1807490051724017
1.981,2.0994343226775527,1.981,2.1781675866805017
1.9812,2.1020157411694527,1.9812,2.1820397144183517
1.9814,2.1033064504154027,1.9814,2.1781675866805017
1.9816,2.1020157411694527,1.9816,2.1794582959264517
1.9818,2.0968529041856527,1.9818,2.1794582959264517
1.982,2.1020157411694527,1.982,2.1794582959264517
1.9822,2.1020157411694527,1.9822,2.1794582959264517
1.9824,2.1033064504154027,1.9824,2.1820397144183517
1.9826,2.1084692873992026,1.9826,2.1872025514021516
1.9828,2.1045971596613526,1.9828,2.1859118421562016
1.983,2.1110507058911026,1.983,2.1859118421562016
1.9832,2.1110507058911026,1.9832,2.1859118421562016
1.9834,2.1136321243830025,1.9834,2.1910746791400015
1.9836,2.1097599966451526,1.9836,2.1859118421562016
1.9838,2.1149228336289525,1.9838,2.1910746791400015
1.984,2.1136321243830025,1.984,2.1910746791400015
1.9842,2.1110507058911026,1.9842,2.1936560976319015
1.9844,2.1110507058911026,1.9844,2.1923653883859515
1.9846,2.1136321243830025,1.9846,2.1949468068778515
1.9848,2.1149228336289525,1.9848,2.1962375161238015
1.985,2.1110507058911026,1.985,2.1936560976319015
1.9852,2.1187949613668025,1.9852,2.1988189346157014
1.9854,2.1213763798587024,1.9854,2.1936560976319015
1.9856,2.1239577983506024,1.9856,2.2039817715995014
1.9858,2.1200856706127524,1.9858,2.2052724808454514
1.986,2.1252485075965524,1.986,2.2052724808454514
1.9862,2.1213763798587024,1.9862,2.2065631900914013
1.9864,2.1239577983506024,1.9864,2.2091446085833013
1.9866,2.1278299260884523,1.9866,2.2091446085833013
1.9868,2.1355741815641522,1.9868,2.2078538993373513
1.987,2.1329927630722523,1.987,2.2130167363211513
1.9872,2.1394463093020022,1.9872,2.2104353178292513
1.9874,2.1342834723182023,1.9874,2.2143074455671012
1.9876,2.1342834723182023,1.9876,2.2130167363211513
1.9878,2.1394463093020022,1.9878,2.2207609917968512
1.988,2.1381556000560522,1.988,2.2168888640590012
1.9882,2.1381556000560522,1.9882,2.2194702825509012
1.9884,2.1329927630722523,1.9884,2.2130167363211513
1.9886,2.1394463093020022,1.9886,2.2181795733049512
1.9888,2.1433184370398521,1.9888,2.2246331195347011
1.989,2.1420277277939022,1.989,2.2233424102887511
1.9892,2.1446091462858021,1.9892,2.2233424102887511
1.9894,2.1433184370398521,1.9894,2.2207609917968512
1.9896,2.1433184370398521,1.9896,2.2220517010428011
1.9898,2.1446091462858021,1.9898,2.2155981548130512
1.99,2.1420277277939022,1.99,2.2246331195347011
1.9902,2.151062692515552,1.9902,2.2233424102887511
1.9904,2.1458998555317521,1.9904,2.2259238287806511
1.9906,2.1484812740236521,1.9906,2.2285052472725511
1.9908,2.1497719832696021,1.9908,2.2194702825509012
1.991,2.1484812740236521,1.991,2.2233424102887511
1.9912,2.1471905647777021,1.9912,2.231086665764451
1.9914,2.1497719832696021,1.9914,2.2272145380266011
1.9916,2.1497719832696021,1.9916,2.2246331195347011
1.9918,2.1471905647777021,1.9918,2.2259238287806511
1.992,2.151062692515552,1.992,2.2272145380266011
1.9922,2.1446091462858021,1.9922,2.2207609917968512
1.9924,2.1484812740236521,1.9924,2.2259238287806511
1.9926,2.1484812740236521,1.9926,2.2194702825509012
1.9928,2.1433184370398521,1.9928,2.2207609917968512
1.993,2.1433184370398521,1.993,2.2246331195347011
1.9932,2.1394463093020022,1.9932,2.2181795733049512
1.9934,2.1368648908101022,1.9934,2.2233424102887511
1.9936,2.1407370185479522,1.9936,2.2155981548130512
1.9938,2.1394463093020022,1.9938,2.2143074455671012
1.994,2.1368648908101022,1.994,2.2143074455671012
1.9942,2.1342834723182023,1.9942,2.2181795733049512
1.9944,2.1342834723182023,1.9944,2.2155981548130512
1.9946,2.1381556000560522,1.9946,2.2155981548130512
1.9948,2.1368648908101022,1.9948,2.2181795733049512
1.995,2.1278299260884523,1.995,2.2143074455671012
1.9952,2.1317020538263023,1.9952,2.2078538993373513
1.9954,2.1317020538263023,1.9954,2.2039817715995014
1.9956,2.1291206353344023,1.9956,2.2078538993373513
1.9958,2.1239577983506024,1.9958,2.2014003531076014
1.996,2.1213763798587024,1.996,2.2039817715995014
1.9962,2.1239577983506024,1.9962,2.2026910623535514
1.9964,2.1252485075965524,1.9964,2.2001096438616514
1.9966,2.1149228336289525,1.9966,2.2001096438616514
1.9968,2.1213763798587024,1.9968,2.1975282253697515
1.997,2.1213763798587024,1.997,2.1962375161238015
1.9972,2.1149228336289525,1.9972,2.1975282253697515
1.9974,2.1149228336289525,1.9974,2.1923653883859515
1.9976,2.1175042521208525,1.9976,2.1923653883859515
1.9978,2.1136321243830025,1.9978,2.1923653883859515
1.998,2.1136321243830025,1.998,2.1897839698940516
1.9982,2.1084692873992026,1.9982,2.1872025514021516
1.9984,2.1123414151370525,1.9984,2.1910746791400015
1.9986,2.1071785781532526,1.9986,2.1923653883859515
1.9988,2.1071785781532526,1.9988,2.1833304236643016
1.999,2.1058878689073026,1.999,2.1884932606481016
1.9992,2.1071785781532526,1.9992,2.1846211329102516
1.9994,2.1058878689073026,1.9994,2.1872025514021516
1.9996,2.1033064504154027,1.9996,2.1872025514021516
1.9998,2.1020157411694527,1.9998,2.1859118421562016
